[gd_scene load_steps=16 format=3 uid="uid://b2x0ttv4xt5lw"]

[ext_resource type="PackedScene" uid="uid://8lfphc7acd5g" path="res://scenes/kiuasbody.tscn" id="1_d15dx"]
[ext_resource type="PackedScene" uid="uid://bxt60620luavk" path="res://scenes/level_template.tscn" id="2_qsnc0"]
[ext_resource type="PackedScene" uid="uid://pg80nquqvv8o" path="res://assets/ego_iks.glb" id="3_ik4dd"]
[ext_resource type="PackedScene" uid="uid://c7a3tfjxxdwyn" path="res://assets/kalusteet/wall.glb" id="4_x424l"]
[ext_resource type="PackedScene" uid="uid://bq8ng1forhhs4" path="res://assets/kalusteet v2/anthill.glb" id="5_x41em"]
[ext_resource type="Texture2D" uid="uid://cuw5qjsah3sre" path="res://assets/4622b3ef-6a7c-4cb5-ba2b-172bf1008979.jpg" id="6_1iial"]

[sub_resource type="StandardMaterial3D" id="StandardMaterial3D_mmiei"]
albedo_color = Color(0, 0, 0, 1)

[sub_resource type="BoxShape3D" id="BoxShape3D_c6wvq"]
size = Vector3(50, 1, 50)

[sub_resource type="BoxMesh" id="BoxMesh_qyxic"]

[sub_resource type="StandardMaterial3D" id="StandardMaterial3D_lray0"]
albedo_color = Color(0, 0.427451, 0.235294, 1)

[sub_resource type="ConcavePolygonShape3D" id="ConcavePolygonShape3D_aphk0"]
data = PackedVector3Array(-0.5, 0.5, 0.5, 0.5, 0.5, 0.5, -0.5, -0.5, 0.5, 0.5, 0.5, 0.5, 0.5, -0.5, 0.5, -0.5, -0.5, 0.5, 0.5, 0.5, -0.5, -0.5, 0.5, -0.5, 0.5, -0.5, -0.5, -0.5, 0.5, -0.5, -0.5, -0.5, -0.5, 0.5, -0.5, -0.5, 0.5, 0.5, 0.5, 0.5, 0.5, -0.5, 0.5, -0.5, 0.5, 0.5, 0.5, -0.5, 0.5, -0.5, -0.5, 0.5, -0.5, 0.5, -0.5, 0.5, -0.5, -0.5, 0.5, 0.5, -0.5, -0.5, -0.5, -0.5, 0.5, 0.5, -0.5, -0.5, 0.5, -0.5, -0.5, -0.5, 0.5, 0.5, 0.5, -0.5, 0.5, 0.5, 0.5, 0.5, -0.5, -0.5, 0.5, 0.5, -0.5, 0.5, -0.5, 0.5, 0.5, -0.5, -0.5, -0.5, 0.5, 0.5, -0.5, 0.5, -0.5, -0.5, -0.5, 0.5, -0.5, 0.5, 0.5, -0.5, -0.5, -0.5, -0.5, -0.5)

[sub_resource type="BoxShape3D" id="BoxShape3D_fybvg"]
size = Vector3(3.84428, 2.978, 0.482666)

[sub_resource type="StandardMaterial3D" id="StandardMaterial3D_6e5of"]
albedo_texture = ExtResource("6_1iial")

[sub_resource type="StandardMaterial3D" id="StandardMaterial3D_35gq8"]
albedo_texture = ExtResource("6_1iial")

[sub_resource type="StandardMaterial3D" id="StandardMaterial3D_y50db"]

[node name="Lauri" type="Node3D"]

[node name="Kiuasbody" parent="." instance=ExtResource("1_d15dx")]
transform = Transform3D(2.485, 0, 0, 0, 1.8191, -1.69296, 0, 1.69296, 1.8191, -2.67699, 28.8, -62.354)

[node name="LevelTemplate" parent="." instance=ExtResource("2_qsnc0")]
transform = Transform3D(1, 0, 0, 0, 1, 0, 0, 0, 1, 0, 0, 35.5275)

[node name="Human" parent="LevelTemplate" index="2"]
transform = Transform3D(1, 0, 0, 0, 1, 0, 0, 0, 1, -2.70677, 48.2657, 21.1484)

[node name="Physical Bone DEF-spine" parent="LevelTemplate/Human/ego/ego_rig/Skeleton3D" index="28"]
transform = Transform3D(0.999996, -1.17868e-05, -2.39658e-06, -1.38569e-06, -0.249649, -0.968364, -3.5367e-07, 0.968432, -0.249647, 1.4782e-05, 1.08372, -0.036377)
joint_offset = Transform3D(1, 0, 0, 0, 1, 0, 0, 0, 1, -1.4597e-05, 0.000206009, 0.0761851)
body_offset = Transform3D(0.999996, -1.17868e-05, -2.39658e-06, -1.43011e-06, 1.43349e-05, -1.00003, 3.45102e-09, 1.00009, -4.47035e-07, 1.4782e-05, 0.0761871, -0.000205994)

[node name="Physical Bone DEF-spine_001" parent="LevelTemplate/Human/ego/ego_rig/Skeleton3D" index="29"]
transform = Transform3D(1.00004, -0.00270149, -2.85421e-07, 2.14614e-05, -0.125913, -0.992503, 6.05733e-06, 0.998755, -0.12296, 1.78814e-05, 1.22429, -0.00835419)
joint_offset = Transform3D(1, 0, 0, 0, -3.61998e-06, -0.999997, 0, 0.999997, -3.61998e-06, -1.93159e-05, -0.000538426, 0.0675686)
body_offset = Transform3D(1.00004, -0.00270149, -2.85421e-07, 2.20433e-05, -0.00215674, -1.00009, 3.37261e-06, 1.00666, 4.79817e-06, 1.78814e-05, 0.0675735, 0.000541687)

[node name="Physical Bone DEF-spine_002" parent="LevelTemplate/Human/ego/ego_rig/Skeleton3D" index="30"]
transform = Transform3D(1.00013, -2.72412e-06, 1.8771e-06, -1.80075e-05, 0.0318287, -1.00008, -5.63853e-06, 0.999941, 0.0318282, 1.7643e-05, 1.41963, -0.00277328)
joint_offset = Transform3D(1, 0, 0, 0, -3.61999e-06, -1, 0, 1, -3.61999e-06, -1.7883e-05, -0.00165825, 0.126665)
body_offset = Transform3D(1.00013, -2.72412e-06, 1.8771e-06, -1.7819e-05, 1.72481e-06, -1.00059, -6.20854e-06, 1.00045, -3.20375e-06, 1.7643e-05, 0.12674, 0.00165939)

[node name="Physical Bone DEF-spine_003" parent="LevelTemplate/Human/ego/ego_rig/Skeleton3D" index="31"]
transform = Transform3D(1.00005, 3.52191e-06, -0.000295048, -2.4059e-06, 0.028563, -0.999488, -7.99293e-07, 0.999627, 0.0285656, -4.76837e-07, 1.55373, -0.0068779)
joint_offset = Transform3D(1, 0, 0, 0, -3.61999e-06, -1, 0, 1, -3.61999e-06, 2.6455e-05, -0.00153804, 0.0880332)
body_offset = Transform3D(1.00005, 3.52191e-06, -0.000295048, -2.38209e-06, 2.16253e-06, -0.999897, -8.67679e-07, 1.00004, 8.72463e-06, -4.76837e-07, 0.0880241, 0.00153732)

[node name="Physical Bone DEF-spine_004" parent="LevelTemplate/Human/ego/ego_rig/Skeleton3D" index="32"]
transform = Transform3D(1.00002, 6.34888e-06, 0.000106261, -6.89279e-07, -0.368803, -0.929251, -7.14906e-07, 0.929559, -0.368704, 5.48363e-06, 1.68863, 0.00062561)
joint_offset = Transform3D(1, 0, 0, 0, -3.61999e-06, -0.999999, 0, 0.999999, -3.61999e-06, -8.96105e-06, 4.6527e-05, 0.0327238)
body_offset = Transform3D(1.00002, 6.34888e-06, 0.000106261, -9.04341e-07, -1.87755e-06, -0.999726, -4.10322e-07, 1.00005, -2.30074e-05, 5.48363e-06, 0.0327148, -4.57764e-05)

[node name="Physical Bone DEF-spine_005" parent="LevelTemplate/Human/ego/ego_rig/Skeleton3D" index="33"]
transform = Transform3D(1.00004, 1.10967e-05, 2.69806e-06, 1.01527e-06, -0.186676, -0.982485, -4.51063e-06, 0.982631, -0.186606, -3.52859e-05, 1.75011, 0.0186234)
joint_offset = Transform3D(1, 0, 0, 0, -3.61999e-06, -1, 0, 1, -3.61999e-06, 3.51996e-05, 0.000148677, 0.0309204)
body_offset = Transform3D(1.00004, 1.10967e-05, 2.69806e-06, 1.55756e-07, -3.89963e-05, -1.00005, -4.62085e-06, 1.00021, 2.11596e-06, -3.52859e-05, 0.0309219, -0.000148773)

[node name="Physical Bone DEF-shoulder_L" parent="LevelTemplate/Human/ego/ego_rig/Skeleton3D" index="34"]
transform = Transform3D(0.474354, -0.0862787, -0.885321, 0.356602, 0.928542, 0.102638, 0.805238, -0.360975, 0.482287, 0.0586488, 1.6626, 0.0202141)
joint_offset = Transform3D(1, 0, 0, 0, -3.61998e-06, -0.999996, 0, 0.999996, -3.61998e-06, -0.00113099, -0.0671863, 0.051517)
body_offset = Transform3D(0.934544, -0.354941, -0.0332707, 0.000305682, 0.108156, -1.00767, 0.356672, 0.928578, 0.10206, -0.0210762, 0.0591793, 0.0575333)

[node name="Physical Bone DEF-upper_arm_L" parent="LevelTemplate/Human/ego/ego_rig/Skeleton3D" index="35"]
transform = Transform3D(-0.509574, 0.0781322, -0.856606, -0.830497, -0.292408, 0.469744, -0.21404, 0.953385, 0.214239, 0.256666, 1.54998, -0.0421867)
joint_offset = Transform3D(1, 0, 0, 0, -3.61999e-06, -1, 0, 1, -3.61999e-06, -0.000832682, -0.000149257, 0.0721206)
body_offset = Transform3D(0.997599, -3.23653e-05, -1.28485e-05, -0.000539225, 2.93702e-05, -1.00017, -0.00100049, 1.00028, -4.27663e-06, 0.000831604, 0.0721321, 0.000148773)

[node name="Physical Bone DEF-upper_arm_L_001" parent="LevelTemplate/Human/ego/ego_rig/Skeleton3D" index="36"]
transform = Transform3D(-0.510094, 0.0781105, -0.856199, -0.833212, -0.292393, 0.469494, -0.213661, 0.953222, 0.214141, 0.38155, 1.48241, -0.0729218)
joint_offset = Transform3D(1, 0, 0, 0, -3.61999e-06, -1, 0, 1, -3.61999e-06, 3.36466e-05, -0.000359138, 0.073178)
body_offset = Transform3D(1.00004, 8.9407e-07, 9.3542e-06, 0.000209127, 3.8743e-05, -0.999678, 0.000114247, 1.00011, 8.10623e-06, -3.43323e-05, 0.0731544, 0.000358582)

[node name="Physical Bone DEF-forearm_L" parent="LevelTemplate/Human/ego/ego_rig/Skeleton3D" index="37"]
transform = Transform3D(-0.510371, -0.240858, -0.825821, -0.833145, -0.100189, 0.544161, -0.213757, 0.965524, -0.149532, 0.497324, 1.41245, -0.0793991)
joint_offset = Transform3D(1, 0, 0, 0, -3.61999e-06, -1, 0, 1, -3.61999e-06, -0.000558896, 0.000768276, 0.0666297)
body_offset = Transform3D(1.00015, 1.49608e-05, 3.03574e-05, -4.30718e-05, 2.26349e-05, -1.00023, -3.09944e-06, 1.00014, 3.27229e-05, 0.000556946, 0.0666447, -0.000770569)

[node name="Physical Bone DEF-forearm_L_001" parent="LevelTemplate/Human/ego/ego_rig/Skeleton3D" index="38"]
transform = Transform3D(-0.510152, -0.241079, -0.824804, -0.833027, -0.099578, 0.543504, -0.213697, 0.964282, -0.149386, 0.605669, 1.34201, -0.0595856)
joint_offset = Transform3D(1, 0, 0, 0, -3.61999e-06, -1, 0, 1, -3.61999e-06, 0.00028055, 0.000683911, 0.0660289)
body_offset = Transform3D(0.999928, -0.000116915, 2.78316e-05, 8.21762e-05, -0.000677779, -0.999006, -9.44734e-06, 0.998937, -5.30481e-06, -0.000282288, 0.0659637, -0.000682831)

[node name="Physical Bone DEF-shoulder_R" parent="LevelTemplate/Human/ego/ego_rig/Skeleton3D" index="39"]
transform = Transform3D(0.47398, 0.0863759, 0.88119, -0.357076, 0.928609, 0.102052, -0.805114, -0.360942, 0.477299, -0.107729, 2.03684, 0.0201988)
joint_offset = Transform3D(1, 0, 0, 0, -3.61999e-06, -1, 0, 1, -3.61999e-06, 0.157841, -0.410481, 0.0568225)
body_offset = Transform3D(0.934247, 0.354962, 0.0354746, -4.61042e-05, 0.108056, -1.00158, -0.357145, 0.928645, 0.101478, -0.00377274, 0.101274, 0.431797)

[node name="Physical Bone DEF-upper_arm_R" parent="LevelTemplate/Human/ego/ego_rig/Skeleton3D" index="40"]
transform = Transform3D(-0.508475, -0.0780669, 0.856511, 0.831003, -0.292363, 0.469687, 0.211742, 0.953174, 0.214218, -0.256486, 1.55021, -0.0420151)
joint_offset = Transform3D(1, 0, 0, 0, -3.61999e-06, -1, 0, 1, -3.61999e-06, 0.000699579, -0.000231722, 0.0718307)
body_offset = Transform3D(0.996968, -8.77678e-06, 8.76188e-06, -0.000146642, -2.36928e-06, -1.00005, -0.00142378, 1.00006, 4.76837e-07, -0.00069809, 0.0718346, 0.000232697)

[node name="Physical Bone DEF-upper_arm_R_001" parent="LevelTemplate/Human/ego/ego_rig/Skeleton3D" index="41"]
transform = Transform3D(-0.510261, -0.0780944, 0.856549, 0.833101, -0.292376, 0.469687, 0.213748, 0.953172, 0.214241, -0.38105, 1.48255, -0.0738869)
joint_offset = Transform3D(1, 0, 0, 0, -3.61999e-06, -1, 0, 1, -3.61999e-06, 0.000313168, 0.000639406, 0.0728618)
body_offset = Transform3D(1.00006, -6.00517e-06, -5.16698e-06, -3.25814e-05, 2.78652e-05, -1.00009, 1.38879e-05, 1.00006, 1.94907e-05, -0.000312805, 0.0728683, -0.000640869)

[node name="Physical Bone DEF-forearm_R" parent="LevelTemplate/Human/ego/ego_rig/Skeleton3D" index="42"]
transform = Transform3D(-0.510276, 0.240856, 0.825727, 0.833121, -0.100149, 0.544145, 0.213743, 0.965498, -0.149555, -0.496953, 1.41325, -0.0780067)
joint_offset = Transform3D(1, 0, 0, 0, -3.61999e-06, -1, 0, 1, -3.61999e-06, -0.000213528, -0.000582843, 0.0661041)
body_offset = Transform3D(1.00008, 1.44094e-05, -1.05053e-06, -2.51792e-05, -9.53674e-07, -1.00014, 1.48416e-05, 1.00011, -1.11312e-05, 0.000213623, 0.0661135, 0.000583649)

[node name="Physical Bone DEF-forearm_R_001" parent="LevelTemplate/Human/ego/ego_rig/Skeleton3D" index="43"]
transform = Transform3D(-0.510225, 0.240845, 0.825653, 0.83308, -0.100166, 0.544085, 0.213723, 0.965481, -0.149534, -0.646159, 1.3415, -0.0589142)
joint_offset = Transform3D(1, 0, 0, 0, -3.61999e-06, -1, 0, 1, -3.61999e-06, -0.0206555, 0.00973083, 0.0997718)
body_offset = Transform3D(1.00001, 2.81632e-06, -8.46758e-06, -4.74565e-05, 1.51247e-05, -1.00005, 1.18464e-05, 1.0001, -2.39909e-06, 0.0206566, 0.0997753, -0.00973129)

[node name="Physical Bone DEF-thigh_L" parent="LevelTemplate/Human/ego/ego_rig/Skeleton3D" index="44"]
transform = Transform3D(1.00001, -4.0594e-07, 3.86124e-05, -7.75557e-07, -0.0764442, 0.997117, 1.0411e-06, -0.997124, -0.0764608, 0.0980563, 0.938541, -0.00164032)
joint_offset = Transform3D(1, 0, 0, 0, -3.61999e-06, -1, 0, 1, -3.61999e-06, -6.14356e-05, 0.000527938, 0.133882)
body_offset = Transform3D(1.00001, -4.0594e-07, 3.86124e-05, 8.52871e-07, -6.70552e-08, -1.00004, -9.78777e-07, 1.00005, 1.70022e-05, 5.62668e-05, 0.133888, -0.000530243)

[node name="Physical Bone DEF-thigh_L_001" parent="LevelTemplate/Human/ego/ego_rig/Skeleton3D" index="45"]
transform = Transform3D(1.00001, 5.00237e-07, 3.03544e-05, 1.27774e-06, -0.0764434, 0.997144, 1.22469e-06, -0.997142, -0.0764624, 0.0980554, 0.670609, 0.0194206)
joint_offset = Transform3D(1, 0, 0, 0, -3.61999e-06, -1, 0, 1, -3.61999e-06, -5.93945e-05, 0.00104293, 0.134455)
body_offset = Transform3D(1.00001, 5.00237e-07, 3.03544e-05, -1.18038e-06, -2.25008e-06, -1.00007, -1.31878e-06, 1.00007, 1.65403e-05, 5.53131e-05, 0.134464, -0.00104523)

[node name="Physical Bone DEF-shin_L" parent="LevelTemplate/Human/ego/ego_rig/Skeleton3D" index="46"]
transform = Transform3D(1.00001, -5.79865e-07, -2.4862e-06, 1.63335e-06, 0.0986346, 0.995149, 3.53088e-07, -0.995138, 0.0986337, 0.0980096, 0.42403, 0.0173492)
joint_offset = Transform3D(1, 0, 0, 0, -3.61999e-06, -1, 0, 1, -3.61999e-06, -9.25393e-06, -3.433e-05, 0.113725)
body_offset = Transform3D(1.00001, -5.79865e-07, -2.4862e-06, -1.66021e-06, -1.02818e-06, -1.00003, -1.90268e-07, 1.00002, -1.49012e-08, 9.53674e-06, 0.113728, 3.43323e-05)

[node name="Physical Bone DEF-shin_L_001" parent="LevelTemplate/Human/ego/ego_rig/Skeleton3D" index="47"]
transform = Transform3D(0.999996, -4.39002e-07, -1.19413e-05, -7.49435e-07, 0.0986362, 0.995183, -3.07569e-07, -0.995169, 0.0986342, 0.0979981, 0.197563, -0.00450516)
joint_offset = Transform3D(1, 0, 0, 0, -3.61999e-06, -1, 0, 1, -3.61999e-06, 3.27046e-06, 0.000556588, 0.114129)
body_offset = Transform3D(0.999996, -4.39002e-07, -1.19413e-05, 7.76117e-07, 5.51343e-07, -1.00006, 2.32153e-07, 1.00005, 2.89828e-06, -1.90735e-06, 0.114136, -0.000556946)

[node name="Physical Bone DEF-thigh_R" parent="LevelTemplate/Human/ego/ego_rig/Skeleton3D" index="48"]
transform = Transform3D(1.00001, -4.0594e-07, 3.86124e-05, -7.75557e-07, -0.0764442, 0.997117, 1.0411e-06, -0.997124, -0.0764608, -0.0979965, 0.937351, -0.00193405)
joint_offset = Transform3D(1, 0, 0, 0, -3.61999e-06, -1, 0, 1, -3.61999e-06, -8.79059e-06, 0.000142655, 0.135046)
body_offset = Transform3D(1.00001, -4.0594e-07, 3.86124e-05, 8.52871e-07, -6.70552e-08, -1.00004, -9.78777e-07, 1.00005, 1.70022e-05, 3.57628e-06, 0.135052, -0.000144958)

[node name="Physical Bone DEF-thigh_R_001" parent="LevelTemplate/Human/ego/ego_rig/Skeleton3D" index="49"]
transform = Transform3D(1.00001, 5.00237e-07, 3.03544e-05, 1.27774e-06, -0.0764434, 0.997144, 1.22469e-06, -0.997142, -0.0764624, -0.0980103, 0.671196, 0.0185776)
joint_offset = Transform3D(1, 0, 0, 0, -3.61999e-06, -1, 0, 1, -3.61999e-06, 6.19022e-06, 0.000249539, 0.133806)
body_offset = Transform3D(1.00001, 5.00237e-07, 3.03544e-05, -1.18038e-06, -2.25008e-06, -1.00007, -1.31878e-06, 1.00007, 1.65403e-05, -1.0252e-05, 0.133816, -0.00025177)

[node name="Physical Bone DEF-shin_R" parent="LevelTemplate/Human/ego/ego_rig/Skeleton3D" index="50"]
transform = Transform3D(1.00001, -5.79865e-07, -2.4862e-06, 1.45995e-06, 0.0986346, 0.995149, 8.50995e-07, -0.995138, 0.0986337, -0.0979946, 0.42403, 0.0173492)
joint_offset = Transform3D(1, 0, 0, 0, -3.61999e-06, -1, 0, 1, -3.61999e-06, -5.20085e-06, -3.433e-05, 0.113725)
body_offset = Transform3D(1.00001, -5.79865e-07, -2.4862e-06, -1.53677e-06, -1.02818e-06, -1.00003, -7.02851e-07, 1.00002, -1.49012e-08, 5.48363e-06, 0.113728, 3.43323e-05)

[node name="Physical Bone DEF-shin_R_001" parent="LevelTemplate/Human/ego/ego_rig/Skeleton3D" index="51"]
transform = Transform3D(0.999996, -4.39002e-07, -1.19413e-05, -7.49435e-07, 0.0986362, 0.995183, -3.07569e-07, -0.995169, 0.0986342, -0.0980003, 0.197563, -0.00450516)
joint_offset = Transform3D(1, 0, 0, 0, -3.61999e-06, -1, 0, 1, -3.61999e-06, 1.60152e-06, 0.000556588, 0.114129)
body_offset = Transform3D(0.999996, -4.39002e-07, -1.19413e-05, 7.76117e-07, 5.51343e-07, -1.00006, 2.32153e-07, 1.00005, 2.89828e-06, -2.38419e-07, 0.114136, -0.000556946)

[node name="Tankki" parent="LevelTemplate" index="3"]
transform = Transform3D(1, 0, 0, 0, 1, 0, 0, 0, 1, -2.64201, 41.6854, 32.5243)

[node name="CSGCylinder3D" parent="LevelTemplate/Tankki/Tykki" index="1"]
material = SubResource("StandardMaterial3D_mmiei")

[node name="Ground" parent="LevelTemplate" index="4"]
transform = Transform3D(10, 0, 0, 0, 10, 0, 0, 0, 10, 0, -1, 0)

[node name="StaticBody3D3" type="StaticBody3D" parent="LevelTemplate"]
transform = Transform3D(1, 0, 0, 0, 1, 0, 0, 0, 1, 0, 0, -91.3517)

[node name="CollisionShape3D" type="CollisionShape3D" parent="LevelTemplate/StaticBody3D3"]
transform = Transform3D(1, 0, 0, 0, 1, 0, 0, 0, 1, 0.0155792, 0, -0.0575562)
shape = SubResource("BoxShape3D_c6wvq")

[node name="StaticBody3D4" type="StaticBody3D" parent="LevelTemplate"]
transform = Transform3D(1, 0, 0, 0, 1, 0, 0, 0, 1, 0, 0, -140.58)

[node name="CollisionShape3D" type="CollisionShape3D" parent="LevelTemplate/StaticBody3D4"]
transform = Transform3D(1, 0, 0, 0, 1, 0, 0, 0, 1, 0.0155792, 0, -0.0575562)
shape = SubResource("BoxShape3D_c6wvq")

[node name="MeshInstance3D2" type="MeshInstance3D" parent="LevelTemplate"]
transform = Transform3D(20, 0, 0, 0, 1, 0, 0, 0, 53.4557, -0.329756, 37.6518, 9.63574)
mesh = SubResource("BoxMesh_qyxic")
skeleton = NodePath("")
surface_material_override/0 = SubResource("StandardMaterial3D_lray0")

[node name="StaticBody3D" type="StaticBody3D" parent="LevelTemplate/MeshInstance3D2"]

[node name="CollisionShape3D" type="CollisionShape3D" parent="LevelTemplate/MeshInstance3D2/StaticBody3D"]
shape = SubResource("ConcavePolygonShape3D_aphk0")

[node name="MeshInstance3D4" type="MeshInstance3D" parent="LevelTemplate"]
transform = Transform3D(16.6119, 0, 0, 0, 1.00103, 0, 0, 0, 66.1322, -2.97818, 27.202, -81.1989)
mesh = SubResource("BoxMesh_qyxic")
skeleton = NodePath("")
surface_material_override/0 = SubResource("StandardMaterial3D_lray0")

[node name="StaticBody3D" type="StaticBody3D" parent="LevelTemplate/MeshInstance3D4"]

[node name="CollisionShape3D" type="CollisionShape3D" parent="LevelTemplate/MeshInstance3D4/StaticBody3D"]
shape = SubResource("ConcavePolygonShape3D_aphk0")

[node name="MeshInstance3D6" type="MeshInstance3D" parent="LevelTemplate"]
transform = Transform3D(68.7858, 0, 0, 0, 1, 0, 0, 0, 99.446, 0, 26.9965, -180.493)
mesh = SubResource("BoxMesh_qyxic")
skeleton = NodePath("")
surface_material_override/0 = SubResource("StandardMaterial3D_lray0")

[node name="StaticBody3D" type="StaticBody3D" parent="LevelTemplate/MeshInstance3D6"]

[node name="CollisionShape3D" type="CollisionShape3D" parent="LevelTemplate/MeshInstance3D6/StaticBody3D"]
shape = SubResource("ConcavePolygonShape3D_aphk0")

[node name="MeshInstance3D3" type="MeshInstance3D" parent="LevelTemplate"]
transform = Transform3D(25.1922, 0, 0, 0, 0.915585, 12.0637, 0, -0.402124, 27.4676, -2.30361, 31.2575, -41.0857)
mesh = SubResource("BoxMesh_qyxic")
skeleton = NodePath("")
surface_material_override/0 = SubResource("StandardMaterial3D_lray0")

[node name="StaticBody3D" type="StaticBody3D" parent="LevelTemplate/MeshInstance3D3"]

[node name="CollisionShape3D" type="CollisionShape3D" parent="LevelTemplate/MeshInstance3D3/StaticBody3D"]
shape = SubResource("ConcavePolygonShape3D_aphk0")

[node name="MeshInstance3D8" type="MeshInstance3D" parent="LevelTemplate"]
transform = Transform3D(0.00245057, -0.00122823, 4.67499, -1.40622, 0.696061, 0.00815931, -0.522047, -1.87497, -3.33853e-05, -15.676, 41.3856, -35.337)
mesh = SubResource("BoxMesh_qyxic")
skeleton = NodePath("")
surface_material_override/0 = SubResource("StandardMaterial3D_lray0")

[node name="StaticBody3D" type="StaticBody3D" parent="LevelTemplate/MeshInstance3D8"]

[node name="MeshInstance3D8" type="MeshInstance3D" parent="LevelTemplate/MeshInstance3D8"]
transform = Transform3D(0.0024513, -0.00122899, 4.675, -1.40622, 0.696061, 0.00815904, -0.522047, -1.87497, -3.33855e-05, -1.38009, -5.22674, 4.26007)
mesh = SubResource("BoxMesh_qyxic")
skeleton = NodePath("")
surface_material_override/0 = SubResource("StandardMaterial3D_lray0")

[node name="StaticBody3D" type="StaticBody3D" parent="LevelTemplate/MeshInstance3D8/MeshInstance3D8"]

[node name="MeshInstance3D9" type="MeshInstance3D" parent="LevelTemplate/MeshInstance3D8"]
transform = Transform3D(-0.0265953, -0.114444, 4.6666, -1.41598, 0.659961, 0.0100415, -0.494266, -1.8845, -0.279879, 0.281078, -1.86808, 0.268522)
mesh = SubResource("BoxMesh_qyxic")
skeleton = NodePath("")
surface_material_override/0 = SubResource("StandardMaterial3D_lray0")

[node name="StaticBody3D" type="StaticBody3D" parent="LevelTemplate/MeshInstance3D8/MeshInstance3D9"]

[node name="MeshInstance3D8" type="MeshInstance3D" parent="LevelTemplate/MeshInstance3D8/MeshInstance3D9"]
transform = Transform3D(0.00245057, -0.00122823, 4.67499, -1.40622, 0.696061, 0.00815931, -0.522047, -1.87497, -3.33853e-05, -2.51003, 41.3856, -35.337)
mesh = SubResource("BoxMesh_qyxic")
skeleton = NodePath("")
surface_material_override/0 = SubResource("StandardMaterial3D_lray0")

[node name="StaticBody3D" type="StaticBody3D" parent="LevelTemplate/MeshInstance3D8/MeshInstance3D9/MeshInstance3D8"]

[node name="ego_iks" parent="LevelTemplate" instance=ExtResource("3_ik4dd")]
transform = Transform3D(-1.49838, 0, 0.0697969, 0, 1.5, 0, -0.0697969, 0, -1.49838, 0, 23.4986, 0)

[node name="wall2" parent="LevelTemplate" instance=ExtResource("4_x424l")]
transform = Transform3D(1.5, 0, 0, 0, 1.5, 0, 0, 0, 158.828, -13.468, 27.437, -110)
metadata/_edit_group_ = true

[node name="StaticBody3D" type="StaticBody3D" parent="LevelTemplate/wall2"]
transform = Transform3D(1, 0, 0, 0, 1, 0, 0, 0, 1, -2.2787, 0.0965004, 0)

[node name="CollisionShape3D" type="CollisionShape3D" parent="LevelTemplate/wall2/StaticBody3D"]
transform = Transform3D(1, 0, 0, 0, 1, 0, 0, 0, 1, 6.30508, 1.40794, 0.00158691)
shape = SubResource("BoxShape3D_fybvg")

[node name="wall19" parent="LevelTemplate" instance=ExtResource("4_x424l")]
transform = Transform3D(2.05161, -0.82464, 2.39824e-05, -2.32398, -0.72799, -1.38852e-05, 5.12953e-07, -6.08742e-08, -158.828, -6.68652, 46.0155, -110)
metadata/_edit_group_ = true

[node name="StaticBody3D" type="StaticBody3D" parent="LevelTemplate/wall19"]
transform = Transform3D(1, 0, 0, 0, 1, 0, 0, 0, 1, -2.2787, 0.0965004, 0)

[node name="CollisionShape3D" type="CollisionShape3D" parent="LevelTemplate/wall19/StaticBody3D"]
transform = Transform3D(1, 0, 0, 0, 1, 0, 0, 0, 1, 6.30508, 1.40794, 0.00158691)
shape = SubResource("BoxShape3D_fybvg")

[node name="wall21" parent="LevelTemplate" instance=ExtResource("4_x424l")]
transform = Transform3D(2.03378, 0.83018, 1.38852e-05, 2.3396, -0.721665, 0, 1.77799e-07, 7.25767e-08, -158.828, -15.2678, 27.4692, -110)
metadata/_edit_group_ = true

[node name="StaticBody3D" type="StaticBody3D" parent="LevelTemplate/wall21"]
transform = Transform3D(1, 3.50288e-15, 0, -1.19209e-07, 1, 0, 1.42109e-14, 1.42109e-14, 1, -2.2787, 0.0965023, 0)

[node name="CollisionShape3D" type="CollisionShape3D" parent="LevelTemplate/wall21/StaticBody3D"]
transform = Transform3D(1, 0, 0, 0, 1, 0, 0, 0, 1, 6.30508, 1.40794, 0.00158691)
shape = SubResource("BoxShape3D_fybvg")

[node name="wall22" parent="LevelTemplate" instance=ExtResource("4_x424l")]
transform = Transform3D(2.5, 0, 0, 0, -1.7, -2.39824e-05, 0, 2.56693e-07, -158.828, -12.55, 36.945, -133)
metadata/_edit_group_ = true

[node name="StaticBody3D" type="StaticBody3D" parent="LevelTemplate/wall22"]
transform = Transform3D(1, 0, 0, 0, 1, 0, 0, 0, 1, -2.2787, 0.0965004, 0)

[node name="CollisionShape3D" type="CollisionShape3D" parent="LevelTemplate/wall22/StaticBody3D"]
transform = Transform3D(1, 0, 0, 0, 1, 0, 0, 0, 1, 6.30508, 1.40794, 0.00158691)
shape = SubResource("BoxShape3D_fybvg")

[node name="wall23" parent="LevelTemplate" instance=ExtResource("4_x424l")]
transform = Transform3D(2.05161, -0.82464, 2.39824e-05, -2.32398, -0.72799, -1.38852e-05, 5.12953e-07, -6.08742e-08, -158.828, -6.687, 46.015, -133)
metadata/_edit_group_ = true

[node name="StaticBody3D" type="StaticBody3D" parent="LevelTemplate/wall23"]
transform = Transform3D(1, 0, 0, 0, 1, 0, 0, 0, 1, -2.2787, 0.0965004, 0)

[node name="CollisionShape3D" type="CollisionShape3D" parent="LevelTemplate/wall23/StaticBody3D"]
transform = Transform3D(1, 0, 0, 0, 1, 0, 0, 0, 1, 6.30508, 1.40794, 0.00158691)
shape = SubResource("BoxShape3D_fybvg")

[node name="wall26" parent="LevelTemplate" instance=ExtResource("4_x424l")]
transform = Transform3D(2.11419, 0.804489, -1.38852e-05, 2.2672, -0.750198, 0, -1.84829e-07, -7.03307e-08, -158.828, -15.2678, 27.4692, -133.139)
metadata/_edit_group_ = true

[node name="StaticBody3D" type="StaticBody3D" parent="LevelTemplate/wall26"]
transform = Transform3D(1, 3.50288e-15, 0, -1.19209e-07, 1, 0, 1.42109e-14, 1.42109e-14, 1, -2.2787, 0.0965023, 0)

[node name="CollisionShape3D" type="CollisionShape3D" parent="LevelTemplate/wall26/StaticBody3D"]
transform = Transform3D(1, 0, 0, 0, 1, 0, 0, 0, 1, 6.30508, 1.40794, 0.00158691)
shape = SubResource("BoxShape3D_fybvg")

[node name="wall3" parent="LevelTemplate" instance=ExtResource("4_x424l")]
transform = Transform3D(1.5, 0, 0, 0, 1.5, 0, 0, 0, 158.828, -4.23, 27.437, -110)
metadata/_edit_group_ = true

[node name="StaticBody3D" type="StaticBody3D" parent="LevelTemplate/wall3"]
transform = Transform3D(1, 0, 0, 0, 1, 0, 0, 0, 1, -2.2787, 0.0965004, 0)

[node name="CollisionShape3D" type="CollisionShape3D" parent="LevelTemplate/wall3/StaticBody3D"]
transform = Transform3D(1, 0, 0, 0, 1, 0, 0, 0, 1, 6.30508, 1.40794, 0.00158691)
shape = SubResource("BoxShape3D_fybvg")

[node name="wall10" parent="LevelTemplate" instance=ExtResource("4_x424l")]
transform = Transform3D(-2.44784e-07, 0, -158.828, 0, 1.5, 0, 5.6, 0, -6.9426e-06, 5.17096, 27.437, -143.958)
metadata/_edit_group_ = true

[node name="StaticBody3D" type="StaticBody3D" parent="LevelTemplate/wall10"]
transform = Transform3D(1, 0, 0, 0, 1, 0, 0, 0, 1, -2.2787, 0.0965004, 0)

[node name="CollisionShape3D" type="CollisionShape3D" parent="LevelTemplate/wall10/StaticBody3D"]
transform = Transform3D(1, 0, 0, 0, 1, 0, 0, 0, 1, 6.30508, 1.40794, 0.00158691)
shape = SubResource("BoxShape3D_fybvg")

[node name="wall11" parent="LevelTemplate" instance=ExtResource("4_x424l")]
transform = Transform3D(-2.44784e-07, 0, -158.828, 0, 1.5, 0, 5.6, 0, -6.9426e-06, -10.9248, 27.437, -143.958)
metadata/_edit_group_ = true

[node name="StaticBody3D" type="StaticBody3D" parent="LevelTemplate/wall11"]
transform = Transform3D(1, 0, 0, 0, 1, 0, 0, 0, 1, -2.2787, 0.0965004, 0)

[node name="CollisionShape3D" type="CollisionShape3D" parent="LevelTemplate/wall11/StaticBody3D"]
transform = Transform3D(1, 0, 0, 0, 1, 0, 0, 0, 1, 6.30508, 1.40794, 0.00158691)
shape = SubResource("BoxShape3D_fybvg")

[node name="wall24" parent="LevelTemplate" instance=ExtResource("4_x424l")]
transform = Transform3D(-2.84124e-07, -3.02367, -117.631, 1.53951e-14, 3.33278, -106.721, 6.5, -1.32169e-07, -5.14181e-06, 6.04976, 32.0407, -147.334)
metadata/_edit_group_ = true

[node name="StaticBody3D" type="StaticBody3D" parent="LevelTemplate/wall24"]
transform = Transform3D(1, 0, 0, 0, 1, 0, 0, 0, 1, -2.2787, 0.0965004, 0)

[node name="CollisionShape3D" type="CollisionShape3D" parent="LevelTemplate/wall24/StaticBody3D"]
transform = Transform3D(1, 0, 0, 0, 1, 0, 0, 0, 1, 6.30508, 1.40794, 0.00158691)
shape = SubResource("BoxShape3D_fybvg")

[node name="wall25" parent="LevelTemplate" instance=ExtResource("4_x424l")]
transform = Transform3D(-2.84124e-07, 3.02274, 117.661, 0, 3.33362, -106.688, -6.5, -1.32128e-07, -5.14311e-06, -11.6173, 32.019, -95.284)
metadata/_edit_group_ = true

[node name="StaticBody3D" type="StaticBody3D" parent="LevelTemplate/wall25"]
transform = Transform3D(1, 0, 0, 0, 1, 0, 0, 0, 1, -2.2787, 0.0965004, 0)

[node name="CollisionShape3D" type="CollisionShape3D" parent="LevelTemplate/wall25/StaticBody3D"]
transform = Transform3D(1, 0, 0, 0, 1, 0, 0, 0, 1, 6.30508, 1.40794, 0.00158691)
shape = SubResource("BoxShape3D_fybvg")

[node name="anthill2" parent="LevelTemplate" instance=ExtResource("5_x41em")]
transform = Transform3D(1, 0, 0, 0, 1, 0, 0, 0, 1, 5.44514, 26.7089, -116.7)

[node name="CSGBox3D" type="CSGBox3D" parent="LevelTemplate"]
transform = Transform3D(1, 0, 0, 0, 1, 0, 0, 0, 1, -78.2562, 296.733, -14.1199)
material_override = SubResource("StandardMaterial3D_6e5of")
material_overlay = SubResource("StandardMaterial3D_35gq8")
use_collision = true
flip_faces = true
size = Vector3(1000, 1000, 1000)
material = SubResource("StandardMaterial3D_y50db")

[node name="DirectionalLight3D2" type="DirectionalLight3D" parent="LevelTemplate"]
transform = Transform3D(0.592378, 0.781136, 0.197268, 0.395261, -0.495137, 0.773698, 0.702038, -0.380349, -0.602061, -775.746, 121.681, 586.063)
light_indirect_energy = 4.048
light_volumetric_fog_energy = 4.81
light_angular_distance = 71.14

[node name="DirectionalLight3D3" type="DirectionalLight3D" parent="LevelTemplate"]
transform = Transform3D(-0.170848, -0.32281, -0.930916, -0.985202, 0.0691427, 0.156834, 0.0137385, 0.943935, -0.329846, 64.2688, 131.232, -113.57)
light_indirect_energy = 4.048
light_volumetric_fog_energy = 4.81
light_angular_distance = 71.14

[node name="DirectionalLight3D4" type="DirectionalLight3D" parent="LevelTemplate"]
transform = Transform3D(-0.237834, 0.132678, 0.962201, 0.101417, 0.988604, -0.111251, -0.965997, 0.0711242, -0.248579, -239.911, 64.1909, -131.861)
light_indirect_energy = 4.048
light_volumetric_fog_energy = 4.81
light_angular_distance = 71.14

[node name="DirectionalLight3D5" type="DirectionalLight3D" parent="LevelTemplate"]
transform = Transform3D(-0.856389, 0.132678, 0.498993, 0.150469, 0.988604, -0.00462215, -0.49392, 0.0711243, -0.866594, 24.2434, 180.641, 12.9961)
light_indirect_energy = 4.048
light_volumetric_fog_energy = 4.81
light_angular_distance = 71.14

[node name="DirectionalLight3D6" type="DirectionalLight3D" parent="LevelTemplate"]
transform = Transform3D(0.863502, -0.302723, 0.40339, 0.461159, 0.79775, -0.388493, -0.204198, 0.521491, 0.828463, -1513.19, 1433.43, -847.885)
light_indirect_energy = 4.048
light_volumetric_fog_energy = 4.81
light_angular_distance = 71.14

[editable path="LevelTemplate"]
[editable path="LevelTemplate/Human"]
[editable path="LevelTemplate/Human/ego"]
