[gd_scene load_steps=9 format=3 uid="uid://bxt60620luavk"]

[ext_resource type="PackedScene" uid="uid://usfq5ar7em4i" path="res://scenes/player.tscn" id="1_iqs33"]
[ext_resource type="AudioStream" uid="uid://7npudlyoekfd" path="res://assets/music/FGJ24-intro-v1.mp3" id="2_i0m2m"]
[ext_resource type="Material" uid="uid://cf2s8y4k78ys4" path="res://assets/debug-material.tres" id="3_xvig1"]
[ext_resource type="PackedScene" uid="uid://b2y3a778f3dj0" path="res://scenes/humanmodel2.tscn" id="4_bhy3q"]
[ext_resource type="PackedScene" uid="uid://cpwt05i2vfu03" path="res://scenes/ground.tscn" id="5_2wf3r"]
[ext_resource type="Script" path="res://scenes/Tykki.gd" id="5_85uj6"]
[ext_resource type="PackedScene" uid="uid://dhmgmjc63j2aw" path="res://scenes/ammo.tscn" id="6_ousrh"]

[sub_resource type="StandardMaterial3D" id="StandardMaterial3D_as2yf"]
albedo_color = Color(0.980392, 0, 0.980392, 1)

[node name="LevelTemplate" type="Node3D"]

[node name="Player" parent="." instance=ExtResource("1_iqs33")]
transform = Transform3D(1, 0, 0, 0, 1, 0, 0, 0, 1, 0, 2.39371, 0)
visible = false
rotation_strength = 10.0

[node name="DirectionalLight3D" type="DirectionalLight3D" parent="."]
transform = Transform3D(1, 0, 0, 0, 0.28425, 0.95875, 0, -0.95875, 0.28425, -2.41624, 4.83073, 6.81202)

[node name="AudioStreamPlayer" type="AudioStreamPlayer" parent="."]
stream = ExtResource("2_i0m2m")
autoplay = true

[node name="RightHandTarget" type="Node3D" parent="."]

[node name="CSGSphere3D" type="CSGSphere3D" parent="RightHandTarget"]
radius = 0.1
material = ExtResource("3_xvig1")

[node name="LeftHandTarget" type="Node3D" parent="."]

[node name="CSGSphere3D" type="CSGSphere3D" parent="LeftHandTarget"]
radius = 0.1
material = ExtResource("3_xvig1")

[node name="LeftHold" type="CSGBox3D" parent="."]
transform = Transform3D(1, 0, 0, 0, 1, 0, 0, 0, 1, -0.566714, 1.8811, 3.82309)
size = Vector3(0.2, 0.2, 0.1)
material = SubResource("StandardMaterial3D_as2yf")

[node name="Human" parent="." instance=ExtResource("4_bhy3q")]
transform = Transform3D(1, 0, 0, 0, 1, 0, 0, 0, 1, -1, 0, 4)

[node name="SkeletonIK3DLeft" type="SkeletonIK3D" parent="Human/ego/ego_rig/Skeleton3D" index="0"]
process_priority = 1
root_bone = &"DEF-spine.001"
tip_bone = &"DEF-forearm.L.001"
target_node = NodePath("../../../../../LeftHold")

[node name="SkeletonIK3DRight" type="SkeletonIK3D" parent="Human/ego/ego_rig/Skeleton3D" index="1"]
process_priority = 1
root_bone = &"DEF-spine.001"
tip_bone = &"DEF-forearm.R.001"
target_node = NodePath("../../../../../RightHandTarget")

[node name="Physical Bone DEF-spine" parent="Human/ego/ego_rig/Skeleton3D" index="28"]
transform = Transform3D(1, -1.17868e-05, -2.563e-06, -1.47924e-06, -0.249646, -0.968348, -3.50574e-07, 0.96842, -0.249643, 2.38419e-07, 1.08361, -0.0362005)
joint_offset = Transform3D(1, 0, 0, 0, 1, 0, 0, 0, 1, -4.32757e-08, 3.68828e-06, 0.0761215)
body_offset = Transform3D(1, -1.17868e-05, -2.563e-06, -1.51992e-06, 1.3411e-05, -1.00001, 2.9802e-08, 1.00008, -1.47521e-06, 2.38419e-07, 0.0761223, -3.57628e-06)

[node name="Physical Bone DEF-spine_001" parent="Human/ego/ego_rig/Skeleton3D" index="29"]
transform = Transform3D(1.00003, -0.00270149, -4.24683e-07, 2.13727e-05, -0.125909, -0.992487, 6.07141e-06, 0.998731, -0.122959, 1.93119e-05, 1.2251, -0.00871921)
joint_offset = Transform3D(1, 0, 0, 0, -3.61998e-06, -0.999997, 0, 0.999997, -3.61998e-06, -1.94974e-05, -7.96082e-05, 0.0683268)
joint_rotation = Vector3(1.5708, 0, 0)
body_offset = Transform3D(1.00003, -0.00270149, -4.24683e-07, 2.1957e-05, -0.00215632, -1.00007, 3.39749e-06, 1.00663, 3.89665e-06, 1.93119e-05, 0.0683317, 7.98702e-05)

[node name="Physical Bone DEF-spine_002" parent="Human/ego/ego_rig/Skeleton3D" index="30"]
transform = Transform3D(1.00014, -2.72691e-06, 1.86637e-06, -1.79823e-05, 0.0318232, -0.999824, -5.64743e-06, 0.999823, 0.0318213, -1.09673e-05, 1.37925, -0.00401092)
joint_offset = Transform3D(1, 0, 0, 0, -3.61999e-06, -1, 0, 1, -3.61999e-06, 1.08069e-05, 0.000861997, 0.0863912)
joint_rotation = Vector3(1.5708, 0, 0)
body_offset = Transform3D(1.00014, -2.72691e-06, 1.86637e-06, -1.77935e-05, -2.23517e-08, -1.00033, -6.21663e-06, 1.00033, -1.85147e-06, -1.09673e-05, 0.0864197, -0.000862122)

[node name="Physical Bone DEF-spine_003" parent="Human/ego/ego_rig/Skeleton3D" index="31"]
transform = Transform3D(1.00004, 3.51667e-06, -0.000295168, -2.50918e-06, 0.028563, -0.999488, -7.92859e-07, 0.999622, 0.0285646, -2.38419e-07, 1.56191, -0.00928831)
joint_offset = Transform3D(1, 0, 0, 0, -3.61999e-06, -1, 0, 1, -3.61999e-06, 2.86544e-05, 0.000638195, 0.0962822)
joint_rotation = Vector3(1.5708, 0, 0)
body_offset = Transform3D(1.00004, 3.51667e-06, -0.000295168, -2.48551e-06, 2.2836e-06, -0.999897, -8.64198e-07, 1.00003, 7.7635e-06, -2.38419e-07, 0.0962722, -0.000638962)

[node name="Physical Bone DEF-spine_004" parent="Human/ego/ego_rig/Skeleton3D" index="32"]
transform = Transform3D(1.00001, 6.34789e-06, 0.000106206, -7.70366e-07, -0.368796, -0.929229, -6.90388e-07, 0.929542, -0.368695, 4.29153e-06, 1.68895, 0.000801563)
joint_offset = Transform3D(1, 0, 0, 0, -3.61999e-06, -0.999999, 0, 0.999999, -3.61999e-06, -7.80593e-06, -1.144e-06, 0.0330912)
joint_rotation = Vector3(1.5708, 0, 0)
body_offset = Transform3D(1.00001, 6.34789e-06, 0.000106206, -9.70671e-07, -1.49012e-06, -0.999702, -3.57628e-07, 1.00003, -2.3067e-05, 4.29153e-06, 0.0330813, 1.90735e-06)

[node name="Physical Bone DEF-spine_005" parent="Human/ego/ego_rig/Skeleton3D" index="33"]
transform = Transform3D(1.00003, 1.10865e-05, 2.69711e-06, 1.04496e-06, -0.186675, -0.982476, -4.50347e-06, 0.982615, -0.186604, -4.3273e-05, 1.75047, 0.0188117)
joint_offset = Transform3D(1, 0, 0, 0, -3.61999e-06, -1, 0, 1, -3.61999e-06, 4.31868e-05, 3.28029e-05, 0.0313169)
joint_rotation = Vector3(1.5708, 0, 0)
body_offset = Transform3D(1.00003, 1.10865e-05, 2.69711e-06, 1.86265e-07, -4.09335e-05, -1.00004, -4.61936e-06, 1.00019, 2.96533e-06, -4.3273e-05, 0.0313182, -3.29018e-05)

[node name="Physical Bone DEF-shoulder_L" parent="Human/ego/ego_rig/Skeleton3D" index="34"]
transform = Transform3D(0.47416, -0.0862772, -0.881093, 0.3567, 0.928528, 0.101939, 0.80518, -0.360968, 0.476554, 0.106897, 1.60603, 0.0204124)
joint_offset = Transform3D(1, 0, 0, 0, -3.61998e-06, -0.999996, 0, 0.999996, -3.61998e-06, -0.00393189, -0.0104087, 0.0994562)
joint_rotation = Vector3(1.5708, 0, 0)
body_offset = Transform3D(0.934395, -0.354934, -0.036068, 0.000167787, 0.108154, -1.00112, 0.356769, 0.928564, 0.101365, 0.00356674, 0.100694, 0.000986457)

[node name="Physical Bone DEF-upper_arm_L" parent="Human/ego/ego_rig/Skeleton3D" index="35"]
transform = Transform3D(-0.509568, 0.0781226, -0.856551, -0.830485, -0.292403, 0.469711, -0.214038, 0.953371, 0.214224, 0.257013, 1.55061, -0.0422528)
joint_offset = Transform3D(1, 0, 0, 0, -3.61999e-06, -1, 0, 1, -3.61999e-06, -0.000152085, 6.83252e-05, 0.072145)
joint_rotation = Vector3(1.5708, 0, 0)
body_offset = Transform3D(0.997585, -2.89679e-05, -1.03861e-05, -0.000541162, 2.1562e-05, -1.0001, -0.00100106, 1.00026, -4.26173e-06, 0.000152469, 0.0721521, -6.81877e-05)

[node name="Physical Bone DEF-upper_arm_L_001" parent="Human/ego/ego_rig/Skeleton3D" index="36"]
transform = Transform3D(-0.510113, 0.0781091, -0.856184, -0.833192, -0.292386, 0.469486, -0.213624, 0.953199, 0.214136, 0.380603, 1.483, -0.0729332)
joint_offset = Transform3D(1, 0, 0, 0, -3.61999e-06, -1, 0, 1, -3.61999e-06, 3.15273e-05, -0.000103439, 0.072097)
joint_rotation = Vector3(1.5708, 0, 0)
body_offset = Transform3D(1.00003, 5.06639e-07, 9.13069e-06, 0.00017504, 3.90112e-05, -0.999661, 0.000141621, 1.00009, 6.19888e-06, -3.21865e-05, 0.0720725, 0.000102997)

[node name="Physical Bone DEF-forearm_L" parent="Human/ego/ego_rig/Skeleton3D" index="37"]
transform = Transform3D(-0.51037, -0.240858, -0.825821, -0.833133, -0.100191, 0.544153, -0.213756, 0.965521, -0.149529, 0.497221, 1.41242, -0.079273)
joint_offset = Transform3D(1, 0, 0, 0, -3.61999e-06, -1, 0, 1, -3.61999e-06, -0.000615565, 0.000618599, 0.0665837)
joint_rotation = Vector3(1.5708, 0, 0)
body_offset = Transform3D(1.00014, 1.69426e-05, 3.64706e-05, -4.86746e-05, 2.28882e-05, -1.00022, -3.65078e-06, 1.00014, 3.59267e-05, 0.000613213, 0.0665984, -0.00062108)

[node name="Physical Bone DEF-forearm_L_001" parent="Human/ego/ego_rig/Skeleton3D" index="38"]
transform = Transform3D(-0.510164, -0.241081, -0.824806, -0.833028, -0.0995772, 0.543508, -0.213699, 0.964287, -0.149385, 0.605216, 1.34183, -0.0591004)
joint_offset = Transform3D(1, 0, 0, 0, -3.61999e-06, -1, 0, 1, -3.61999e-06, -3.67294e-06, 8.64774e-05, 0.0658295)
joint_rotation = Vector3(1.5708, 0, 0)
body_offset = Transform3D(0.999935, -0.000117615, 2.51606e-05, 7.23712e-05, -0.000679091, -0.99901, -7.95722e-06, 0.998942, -4.81308e-06, 2.02656e-06, 0.0657644, -8.60691e-05)

[node name="CollisionShape3D" parent="Human/ego/ego_rig/Skeleton3D/Physical Bone DEF-forearm_L_001" index="0"]
transform = Transform3D(1, 7.45058e-09, 0, -1.49012e-08, 0, 1, 5.21541e-08, -1, 0, 0, 0, 0)

[node name="Physical Bone DEF-shoulder_R" parent="Human/ego/ego_rig/Skeleton3D" index="39"]
transform = Transform3D(0.473947, 0.0863719, 0.878666, -0.357069, 0.928605, 0.101674, -0.805083, -0.360932, 0.473819, -0.10701, 1.61211, 0.0205102)
joint_offset = Transform3D(1, 0, 0, 0, -3.61999e-06, -1, 0, 1, -3.61999e-06, 0.00612111, -0.0160616, 0.0992373)
joint_rotation = Vector3(1.5708, 0, 0)
body_offset = Transform3D(0.934203, 0.354951, 0.0371944, -3.26931e-05, 0.108054, -0.997643, -0.357138, 0.928641, 0.101102, -0.00370836, 0.100739, 0.0070684)

[node name="Physical Bone DEF-upper_arm_R" parent="Human/ego/ego_rig/Skeleton3D" index="40"]
transform = Transform3D(-0.508465, -0.0780645, 0.856502, 0.83099, -0.292359, 0.469677, 0.211742, 0.953159, 0.214214, -0.257055, 1.55073, -0.0421584)
joint_offset = Transform3D(1, 0, 0, 0, -3.61999e-06, -1, 0, 1, -3.61999e-06, 7.57593e-06, 1.0984e-05, 0.0721069)
joint_rotation = Vector3(1.5708, 0, 0)
body_offset = Transform3D(0.996952, -1.02073e-05, 4.36977e-06, -0.000149041, -2.84612e-06, -1.00004, -0.00142105, 1.00004, -8.9407e-08, -7.86781e-06, 0.0721098, -1.09673e-05)

[node name="Physical Bone DEF-upper_arm_R_001" parent="Human/ego/ego_rig/Skeleton3D" index="41"]
transform = Transform3D(-0.510259, -0.0780928, 0.856541, 0.833085, -0.292369, 0.469681, 0.213739, 0.953154, 0.214235, -0.380642, 1.48299, -0.0730476)
joint_offset = Transform3D(1, 0, 0, 0, -3.61999e-06, -1, 0, 1, -3.61999e-06, -1.85114e-05, -1.13907e-06, 0.0721299)
joint_rotation = Vector3(1.5708, 0, 0)
body_offset = Transform3D(1.00004, -4.75347e-06, -7.78213e-06, -2.4382e-05, 2.70456e-05, -1.00008, 1.06543e-05, 1.00004, 1.57952e-05, 1.90735e-05, 0.0721357, 0)

[node name="Physical Bone DEF-forearm_R" parent="Human/ego/ego_rig/Skeleton3D" index="42"]
transform = Transform3D(-0.510275, 0.240856, 0.825726, 0.833111, -0.100151, 0.544144, 0.213743, 0.965494, -0.149554, -0.496628, 1.41332, -0.0786648)
joint_offset = Transform3D(1, 0, 0, 0, -3.61999e-06, -1, 0, 1, -3.61999e-06, 3.29374e-05, -1.77205e-05, 0.065699)
joint_rotation = Vector3(1.5708, 0, 0)
body_offset = Transform3D(1.00007, 1.23233e-05, -5.73695e-07, -1.9908e-05, -8.19564e-07, -1.00014, 1.58697e-05, 1.00011, -9.68575e-06, -3.29018e-05, 0.0657082, 1.83582e-05)

[node name="Physical Bone DEF-forearm_R_001" parent="Human/ego/ego_rig/Skeleton3D" index="43"]
transform = Transform3D(-0.510238, 0.240848, 0.825653, 0.833078, -0.100164, 0.544093, 0.213724, 0.965484, -0.149532, -0.605145, 1.34182, -0.0590315)
joint_offset = Transform3D(1, 0, 0, 0, -3.61999e-06, -1, 0, 1, -3.61999e-06, 3.03882e-05, 1.71548e-06, 0.0657177)
joint_rotation = Vector3(1.5708, 0, 0)
body_offset = Transform3D(1.00002, 3.69549e-06, -1.66893e-06, -3.54089e-05, 1.17272e-05, -1.00005, 9.26852e-06, 1.0001, -7.15256e-07, -3.02792e-05, 0.065721, -1.66893e-06)

[node name="Physical Bone DEF-thigh_L" parent="Human/ego/ego_rig/Skeleton3D" index="44"]
transform = Transform3D(1, -3.8743e-07, 3.85344e-05, -7.56865e-07, -0.0764413, 0.997083, 1.04441e-06, -0.997102, -0.0764576, 0.098031, 0.938337, -0.00215173)
joint_offset = Transform3D(1, 0, 0, 0, -3.61999e-06, -1, 0, 1, -3.61999e-06, -3.61601e-05, -1.25062e-06, 0.134054)
joint_rotation = Vector3(1.5708, 0, 0)
body_offset = Transform3D(1, -3.8743e-07, 3.85344e-05, 8.34486e-07, -1.27405e-06, -1.00001, -9.83506e-07, 1.00003, 1.64434e-05, 3.09944e-05, 0.134055, -9.53674e-07)

[node name="Physical Bone DEF-thigh_L_001" parent="Human/ego/ego_rig/Skeleton3D" index="45"]
transform = Transform3D(1, 5.06639e-07, 3.03984e-05, 1.25914e-06, -0.0764395, 0.997103, 1.21863e-06, -0.997082, -0.0764598, 0.0980558, 0.670892, 0.018353)
joint_offset = Transform3D(1, 0, 0, 0, -3.61999e-06, -1, 0, 1, -3.61999e-06, -5.98663e-05, 8.91746e-08, 0.134097)
joint_rotation = Vector3(1.5708, 0, 0)
body_offset = Transform3D(1, 5.06639e-07, 3.03984e-05, -1.1623e-06, -1.49012e-06, -1.00003, -1.31132e-06, 1.00001, 1.7114e-05, 5.57899e-05, 0.134101, -2.38419e-06)

[node name="Physical Bone DEF-shin_L" parent="Human/ego/ego_rig/Skeleton3D" index="46"]
transform = Transform3D(1.00001, -5.66244e-07, -2.5928e-06, 1.52306e-06, 0.0986338, 0.995144, 3.45621e-07, -0.995131, 0.0986324, 0.0979957, 0.424218, 0.0174026)
joint_offset = Transform3D(1, 0, 0, 0, -3.61999e-06, -1, 0, 1, -3.61999e-06, 4.58586e-06, 6.28969e-07, 0.113534)
joint_rotation = Vector3(1.5708, 0, 0)
body_offset = Transform3D(1.00001, -5.66244e-07, -2.5928e-06, -1.54972e-06, -9.23872e-07, -1.00002, -1.93715e-07, 1.00001, 7.59959e-07, -4.29153e-06, 0.113536, -7.15256e-07)

[node name="Physical Bone DEF-shin_L_001" parent="Human/ego/ego_rig/Skeleton3D" index="47"]
transform = Transform3D(1, -4.17233e-07, -1.18911e-05, -7.49037e-07, 0.0986361, 0.995174, -2.98853e-07, -0.995163, 0.0986338, 0.0979981, 0.198215, -0.00501275)
joint_offset = Transform3D(1, 0, 0, 0, -3.61999e-06, -1, 0, 1, -3.61999e-06, 3.25739e-06, -1.48102e-05, 0.113534)
joint_rotation = Vector3(1.5708, 0, 0)
body_offset = Transform3D(1, -4.17233e-07, -1.18911e-05, 7.74861e-07, -1.11759e-07, -1.00005, 2.23518e-07, 1.00004, 2.35438e-06, -1.90735e-06, 0.11354, 1.45435e-05)

[node name="Physical Bone DEF-thigh_R" parent="Human/ego/ego_rig/Skeleton3D" index="48"]
transform = Transform3D(1, -3.8743e-07, 3.85344e-05, -7.56865e-07, -0.0764413, 0.997083, 1.04441e-06, -0.997102, -0.0764576, -0.0980067, 0.938335, -0.00215197)
joint_offset = Transform3D(1, 0, 0, 0, -3.61999e-06, -1, 0, 1, -3.61999e-06, 1.50995e-06, -1.72745e-06, 0.134056)
joint_rotation = Vector3(1.5708, 0, 0)
body_offset = Transform3D(1, -3.8743e-07, 3.85344e-05, 8.34486e-07, -1.27405e-06, -1.00001, -9.83506e-07, 1.00003, 1.64434e-05, -6.67572e-06, 0.134057, -4.76837e-07)

[node name="Physical Bone DEF-thigh_R_001" parent="Human/ego/ego_rig/Skeleton3D" index="49"]
transform = Transform3D(1, 5.06639e-07, 3.03984e-05, 1.25914e-06, -0.0764395, 0.997103, 1.21863e-06, -0.997082, -0.0764598, -0.0980029, 0.670891, 0.018353)
joint_offset = Transform3D(1, 0, 0, 0, -3.61999e-06, -1, 0, 1, -3.61999e-06, -1.21534e-06, 8.92344e-08, 0.134098)
joint_rotation = Vector3(1.5708, 0, 0)
body_offset = Transform3D(1, 5.06639e-07, 3.03984e-05, -1.1623e-06, -1.49012e-06, -1.00003, -1.31132e-06, 1.00001, 1.7114e-05, -2.86102e-06, 0.134102, -2.38419e-06)

[node name="Physical Bone DEF-shin_R" parent="Human/ego/ego_rig/Skeleton3D" index="50"]
transform = Transform3D(1.00001, -5.66244e-07, -2.5928e-06, 1.38411e-06, 0.0986338, 0.995144, 8.4097e-07, -0.995131, 0.0986324, -0.0979948, 0.42423, 0.0174093)
joint_offset = Transform3D(1, 0, 0, 0, -3.61999e-06, -1, 0, 1, -3.61999e-06, -4.95082e-06, 6.11255e-06, 0.113521)
joint_rotation = Vector3(1.5708, 0, 0)
body_offset = Transform3D(1.00001, -5.66244e-07, -2.5928e-06, -1.46031e-06, -9.23872e-07, -1.00002, -7.00355e-07, 1.00001, 7.59959e-07, 5.24521e-06, 0.113523, -6.19888e-06)

[node name="Physical Bone DEF-shin_R_001" parent="Human/ego/ego_rig/Skeleton3D" index="51"]
transform = Transform3D(1, -4.17233e-07, -1.18911e-05, -7.49037e-07, 0.0986361, 0.995174, -2.98853e-07, -0.995163, 0.0986338, -0.0980005, 0.198212, -0.00500369)
joint_offset = Transform3D(1, 0, 0, 0, -3.61999e-06, -1, 0, 1, -3.61999e-06, 1.82691e-06, -5.51229e-06, 0.113536)
joint_rotation = Vector3(1.5708, 0, 0)
body_offset = Transform3D(1, -4.17233e-07, -1.18911e-05, 7.74861e-07, -1.11759e-07, -1.00005, 2.23518e-07, 1.00004, 2.35438e-06, -4.76837e-07, 0.113542, 5.24521e-06)

[node name="Tankki" type="Node3D" parent="."]
transform = Transform3D(1, 0, 0, 0, 1, 0, 0, 0, 1, -0.933751, -0.148251, 7.00442)
script = ExtResource("5_85uj6")
ammo_prefab = ExtResource("6_ousrh")
force = 50.0
rotate_ground_speed = 1.0
rotate_up_speed = 1.0

[node name="Camera3D" type="Camera3D" parent="Tankki"]
transform = Transform3D(1, 0, 0, 0, 1, 0, 0, 0, 1, 0, 1, 2)

[node name="Tykki" type="Node3D" parent="Tankki"]
transform = Transform3D(1, 0, 0, 0, 0.984807, -0.173648, 0, 0.173648, 0.984808, 0, 0, 0)

[node name="CSGCylinder3D" type="CSGCylinder3D" parent="Tankki/Tykki"]
transform = Transform3D(-9.31323e-09, 2.98023e-08, 0.405268, 0.405268, -7.45058e-08, -5.58794e-09, 7.45058e-09, 1, -1.49012e-08, 0, 0, 0)

[node name="AmmoSpawn" type="Node3D" parent="Tankki/Tykki"]
transform = Transform3D(1, -1.95578e-08, 7.45058e-09, -4.19095e-08, 1, 2.98023e-08, 7.45058e-09, 2.98023e-08, 1, -0.145982, -0.277564, -2.10489)

[node name="TykkiPivot" type="Node3D" parent="Tankki"]
transform = Transform3D(1, 0, -5.96046e-08, 0, 0.999999, 0, 5.96046e-08, 0, 1, -4.76837e-07, -0.0705475, 0.400001)

[node name="Ground" parent="." instance=ExtResource("5_2wf3r")]
transform = Transform3D(1, 0, 0, 0, 1, 0, 0, 0, 1, 0, -1, 0)

[node name="Ammos" type="Node3D" parent="."]

[editable path="Player"]
[editable path="Player/BodyBody/LeftArm"]
[editable path="Player/BodyBody/LeftArm/ArmBody"]
[editable path="Player/BodyBody/RightArm"]
[editable path="Human"]
[editable path="Human/ego"]
