[gd_scene load_steps=7 format=3 uid="uid://bxt60620luavk"]

[ext_resource type="PackedScene" uid="uid://usfq5ar7em4i" path="res://scenes/player.tscn" id="1_iqs33"]
[ext_resource type="AudioStream" uid="uid://7npudlyoekfd" path="res://assets/music/FGJ24-intro-v1.mp3" id="2_i0m2m"]
[ext_resource type="Material" uid="uid://cf2s8y4k78ys4" path="res://assets/debug-material.tres" id="3_xvig1"]
[ext_resource type="PackedScene" uid="uid://b2y3a778f3dj0" path="res://scenes/humanmodel2.tscn" id="4_bhy3q"]

[sub_resource type="PlaneMesh" id="PlaneMesh_66js6"]
size = Vector2(50, 50)

[sub_resource type="BoxShape3D" id="BoxShape3D_c6wvq"]
size = Vector3(50, 1, 50)

[node name="LevelTemplate" type="Node3D"]

[node name="Camera3D" type="Camera3D" parent="."]
transform = Transform3D(1, 0, 0, 0, 0.996267, 0.0863211, 0, -0.0863211, 0.996267, -0.92794, 1.42122, 5.61001)

[node name="Player" parent="." instance=ExtResource("1_iqs33")]
transform = Transform3D(1, 0, 0, 0, 1, 0, 0, 0, 1, 0, 2.39371, 0)
visible = false
rotation_strength = 10.0

[node name="Arm2" parent="Player" index="1"]
transform = Transform3D(-0.999996, -0.00290859, -0.000747362, 0.002909, -0.999996, -0.000556541, -0.000745746, -0.000558706, 1, 0, 0, 0)

[node name="StaticBody3D" type="StaticBody3D" parent="."]

[node name="MeshInstance3D" type="MeshInstance3D" parent="StaticBody3D"]
mesh = SubResource("PlaneMesh_66js6")
skeleton = NodePath("../..")

[node name="CollisionShape3D" type="CollisionShape3D" parent="StaticBody3D"]
transform = Transform3D(1, 0, 0, 0, 1, 0, 0, 0, 1, 0.0155792, 0, -0.0575562)
shape = SubResource("BoxShape3D_c6wvq")

[node name="DirectionalLight3D" type="DirectionalLight3D" parent="."]
transform = Transform3D(1, 0, 0, 0, 0.28425, 0.95875, 0, -0.95875, 0.28425, 0, 4.10531, 0)

[node name="AudioStreamPlayer" type="AudioStreamPlayer" parent="."]
stream = ExtResource("2_i0m2m")
autoplay = true

[node name="RightHandTarget" type="Node3D" parent="."]

[node name="CSGSphere3D" type="CSGSphere3D" parent="RightHandTarget"]
radius = 0.1
material = ExtResource("3_xvig1")

[node name="LeftHandTarget" type="Node3D" parent="."]

[node name="CSGSphere3D" type="CSGSphere3D" parent="LeftHandTarget"]
radius = 0.1
material = ExtResource("3_xvig1")

[node name="Human" parent="." instance=ExtResource("4_bhy3q")]
transform = Transform3D(1, 0, 0, 0, 1, 0, 0, 0, 1, -1, 0, 4)

[node name="SkeletonIK3DLeft" type="SkeletonIK3D" parent="Human/ego/ego_rig/Skeleton3D" index="0"]
process_priority = 1
root_bone = &"DEF-spine.001"
tip_bone = &"DEF-forearm.L.001"
target_node = NodePath("../../../../../LeftHandTarget")

[node name="SkeletonIK3DRight" type="SkeletonIK3D" parent="Human/ego/ego_rig/Skeleton3D" index="1"]
process_priority = 1
root_bone = &"DEF-spine.001"
tip_bone = &"DEF-forearm.R.001"
target_node = NodePath("../../../../../RightHandTarget")

[node name="Physical Bone DEF-spine" parent="Human/ego/ego_rig/Skeleton3D" index="28"]
transform = Transform3D(1, -1.17868e-05, -2.563e-06, -1.47924e-06, -0.249646, -0.968344, -3.50573e-07, 0.968418, -0.249642, 2.38419e-07, 1.08361, -0.0362005)
joint_offset = Transform3D(1, 0, 0, 0, 1, 0, 0, 0, 1, -4.32747e-08, 3.68375e-06, 0.0761219)
body_offset = Transform3D(1, -1.17868e-05, -2.563e-06, -1.51992e-06, 1.3411e-05, -1.00001, 2.98021e-08, 1.00008, -1.41561e-06, 2.38419e-07, 0.0761223, -3.57628e-06)

[node name="Physical Bone DEF-spine_001" parent="Human/ego/ego_rig/Skeleton3D" index="29"]
transform = Transform3D(1.00003, -0.00270149, -4.24683e-07, 2.13727e-05, -0.125908, -0.992479, 6.07141e-06, 0.998724, -0.122958, 1.93119e-05, 1.2251, -0.00871921)
joint_offset = Transform3D(1, 0, 0, 0, -4.37113e-08, -0.999997, 0, 0.999997, -4.37113e-08, -1.94973e-05, -7.96068e-05, 0.0683273)
body_offset = Transform3D(1.00003, -0.00270149, -4.24683e-07, 2.1957e-05, -0.00215624, -1.00007, 3.39749e-06, 1.00663, 3.86685e-06, 1.93119e-05, 0.0683317, 7.98702e-05)

[node name="Physical Bone DEF-spine_002" parent="Human/ego/ego_rig/Skeleton3D" index="30"]
transform = Transform3D(1.00014, -2.72691e-06, 1.86637e-06, -1.79823e-05, 0.0318232, -0.999823, -5.64742e-06, 0.999823, 0.0318213, -1.09673e-05, 1.37925, -0.00401092)
joint_offset = Transform3D(1, 0, 0, 0, -4.37114e-08, -1, 0, 1, -4.37114e-08, 1.08069e-05, 0.000861997, 0.0863912)
body_offset = Transform3D(1.00014, -2.72691e-06, 1.86637e-06, -1.77935e-05, -2.23517e-08, -1.00033, -6.21663e-06, 1.00033, -1.85147e-06, -1.09673e-05, 0.0864197, -0.000862122)

[node name="Physical Bone DEF-spine_003" parent="Human/ego/ego_rig/Skeleton3D" index="31"]
transform = Transform3D(1.00004, 3.51667e-06, -0.000295168, -2.50917e-06, 0.0285629, -0.999488, -7.92859e-07, 0.999618, 0.0285646, -2.38419e-07, 1.56191, -0.00928831)
joint_offset = Transform3D(1, 0, 0, 0, -4.37114e-08, -1, 0, 1, -4.37114e-08, 2.86544e-05, 0.000638199, 0.0962822)
body_offset = Transform3D(1.00004, 3.51667e-06, -0.000295168, -2.48551e-06, 2.2836e-06, -0.999897, -8.64198e-07, 1.00003, 7.75605e-06, -2.38419e-07, 0.0962722, -0.000638962)

[node name="Physical Bone DEF-spine_004" parent="Human/ego/ego_rig/Skeleton3D" index="32"]
transform = Transform3D(1.00001, 6.34789e-06, 0.000106206, -7.70366e-07, -0.368797, -0.929229, -6.90388e-07, 0.929546, -0.368695, 4.29153e-06, 1.68895, 0.000801563)
joint_offset = Transform3D(1, 0, 0, 0, -4.37113e-08, -0.999999, 0, 0.999999, -4.37113e-08, -7.80595e-06, -1.144e-06, 0.0330912)
body_offset = Transform3D(1.00001, 6.34789e-06, 0.000106206, -9.70671e-07, -1.40071e-06, -0.999702, -3.57628e-07, 1.00003, -2.3067e-05, 4.29153e-06, 0.0330813, 1.90735e-06)

[node name="Physical Bone DEF-spine_005" parent="Human/ego/ego_rig/Skeleton3D" index="33"]
transform = Transform3D(1.00003, 1.10865e-05, 2.69711e-06, 1.04496e-06, -0.186676, -0.982473, -4.50347e-06, 0.98262, -0.186603, -4.3273e-05, 1.75047, 0.0188117)
joint_offset = Transform3D(1, 0, 0, 0, -4.37114e-08, -1, 0, 1, -4.37114e-08, 4.31866e-05, 3.2785e-05, 0.031317)
body_offset = Transform3D(1.00003, 1.10865e-05, 2.69711e-06, 1.86265e-07, -4.08888e-05, -1.00004, -4.61936e-06, 1.00019, 3.53158e-06, -4.3273e-05, 0.0313182, -3.29018e-05)

[node name="Physical Bone DEF-shoulder_L" parent="Human/ego/ego_rig/Skeleton3D" index="34"]
transform = Transform3D(0.474159, -0.0862765, -0.880894, 0.3567, 0.928528, 0.101834, 0.805179, -0.360967, 0.476081, 0.106896, 1.60603, 0.0204134)
joint_offset = Transform3D(1, 0, 0, 0, -4.37112e-08, -0.999996, 0, 0.999996, -4.37112e-08, -0.00390045, -0.0104138, 0.0994961)
body_offset = Transform3D(0.934394, -0.354933, -0.0363744, 0.000166923, 0.108154, -1.00071, 0.356769, 0.928564, 0.10126, 0.00356746, 0.100694, 0.000986457)

[node name="Physical Bone DEF-upper_arm_L" parent="Human/ego/ego_rig/Skeleton3D" index="35"]
transform = Transform3D(-0.509568, 0.0781227, -0.856555, -0.830485, -0.292403, 0.469714, -0.214038, 0.953373, 0.214225, 0.257013, 1.55061, -0.0422528)
joint_offset = Transform3D(1, 0, 0, 0, -4.37114e-08, -1, 0, 1, -4.37114e-08, -0.000152084, 6.83251e-05, 0.0721447)
body_offset = Transform3D(0.997585, -2.89679e-05, -1.03898e-05, -0.000541165, 2.1562e-05, -1.0001, -0.0010011, 1.00026, -4.26173e-06, 0.000152469, 0.0721521, -6.81877e-05)

[node name="Physical Bone DEF-upper_arm_L_001" parent="Human/ego/ego_rig/Skeleton3D" index="36"]
transform = Transform3D(-0.510115, 0.078109, -0.856183, -0.833194, -0.292386, 0.469486, -0.213624, 0.953199, 0.214135, 0.380603, 1.483, -0.0729332)
joint_offset = Transform3D(1, 0, 0, 0, -4.37114e-08, -1, 0, 1, -4.37114e-08, 3.17965e-05, -0.000103397, 0.0720972)
body_offset = Transform3D(1.00003, 5.06639e-07, 8.70228e-06, 0.00017399, 3.89963e-05, -0.99966, 0.000142559, 1.00009, 5.61774e-06, -3.24249e-05, 0.0720727, 0.000102997)

[node name="Physical Bone DEF-forearm_L" parent="Human/ego/ego_rig/Skeleton3D" index="37"]
transform = Transform3D(-0.51037, -0.240859, -0.825819, -0.833132, -0.100191, 0.544152, -0.213756, 0.965521, -0.149529, 0.497221, 1.41242, -0.079273)
joint_offset = Transform3D(1, 0, 0, 0, -4.37114e-08, -1, 0, 1, -4.37114e-08, -0.000615574, 0.000618585, 0.0665839)
body_offset = Transform3D(1.00014, 1.69575e-05, 3.65973e-05, -4.86225e-05, 2.28882e-05, -1.00022, -3.66569e-06, 1.00014, 3.61353e-05, 0.000613213, 0.0665984, -0.00062108)

[node name="Physical Bone DEF-forearm_L_001" parent="Human/ego/ego_rig/Skeleton3D" index="38"]
transform = Transform3D(-0.510168, -0.241081, -0.824806, -0.833028, -0.0995767, 0.543508, -0.213699, 0.964287, -0.149385, 0.605216, 1.34183, -0.0591004)
joint_offset = Transform3D(1, 0, 0, 0, -4.37114e-08, -1, 0, 1, -4.37114e-08, -3.67289e-06, 8.64774e-05, 0.0658295)
body_offset = Transform3D(0.999937, -0.000118077, 2.51606e-05, 6.94059e-05, -0.00067915, -0.99901, -7.21216e-06, 0.998942, -4.81308e-06, 2.02656e-06, 0.0657644, -8.60691e-05)

[node name="CollisionShape3D" parent="Human/ego/ego_rig/Skeleton3D/Physical Bone DEF-forearm_L_001" index="0"]
transform = Transform3D(1, 7.45058e-09, 0, -1.49012e-08, 0, 1, 5.21541e-08, -1, 0, 0, 0, 0)

[node name="Physical Bone DEF-shoulder_R" parent="Human/ego/ego_rig/Skeleton3D" index="39"]
transform = Transform3D(0.473947, 0.0863709, 0.8773, -0.357069, 0.928605, 0.101605, -0.805083, -0.36093, 0.472473, -0.107011, 1.61211, 0.0205102)
joint_offset = Transform3D(1, 0, 0, 0, -4.37114e-08, -1, 0, 1, -4.37114e-08, 0.00607549, -0.0160916, 0.0994197)
body_offset = Transform3D(0.934203, 0.354949, 0.0376618, -3.26931e-05, 0.108054, -0.995783, -0.357138, 0.928641, 0.101034, -0.00370836, 0.100739, 0.0070684)

[node name="Physical Bone DEF-upper_arm_R" parent="Human/ego/ego_rig/Skeleton3D" index="40"]
transform = Transform3D(-0.508465, -0.0780642, 0.856505, 0.830989, -0.292358, 0.469679, 0.211742, 0.953155, 0.214214, -0.257055, 1.55073, -0.0421584)
joint_offset = Transform3D(1, 0, 0, 0, -4.37114e-08, -1, 0, 1, -4.37114e-08, 7.57566e-06, 1.09841e-05, 0.0721066)
body_offset = Transform3D(0.996952, -1.01924e-05, 4.37349e-06, -0.000149056, -2.83122e-06, -1.00004, -0.00142103, 1.00004, -8.9407e-08, -7.86781e-06, 0.0721098, -1.09673e-05)

[node name="Physical Bone DEF-upper_arm_R_001" parent="Human/ego/ego_rig/Skeleton3D" index="41"]
transform = Transform3D(-0.51026, -0.078093, 0.856538, 0.833085, -0.29237, 0.469679, 0.21374, 0.953156, 0.214234, -0.380642, 1.48299, -0.0730476)
joint_offset = Transform3D(1, 0, 0, 0, -4.37114e-08, -1, 0, 1, -4.37114e-08, -1.85044e-05, -1.13369e-06, 0.0721301)
body_offset = Transform3D(1.00004, -4.75347e-06, -7.87899e-06, -2.43112e-05, 2.70456e-05, -1.00008, 1.06543e-05, 1.00004, 1.57207e-05, 1.90735e-05, 0.0721356, 0)

[node name="Physical Bone DEF-forearm_R" parent="Human/ego/ego_rig/Skeleton3D" index="42"]
transform = Transform3D(-0.510274, 0.240856, 0.825721, 0.833109, -0.10015, 0.544142, 0.213742, 0.965493, -0.149553, -0.496628, 1.41332, -0.0786648)
joint_offset = Transform3D(1, 0, 0, 0, -4.37114e-08, -1, 0, 1, -4.37114e-08, 3.28956e-05, -1.77195e-05, 0.0656993)
body_offset = Transform3D(1.00007, 1.23233e-05, 6.33299e-08, -2.03289e-05, -8.19564e-07, -1.00014, 1.55121e-05, 1.00011, -9.70066e-06, -3.29018e-05, 0.0657082, 1.83582e-05)

[node name="Physical Bone DEF-forearm_R_001" parent="Human/ego/ego_rig/Skeleton3D" index="43"]
transform = Transform3D(-0.510243, 0.240847, 0.825651, 0.833073, -0.100164, 0.544091, 0.213723, 0.965483, -0.149531, -0.605145, 1.34182, -0.0590315)
joint_offset = Transform3D(1, 0, 0, 0, -4.37114e-08, -1, 0, 1, -4.37114e-08, 3.03883e-05, 1.71161e-06, 0.065718)
body_offset = Transform3D(1.00002, 3.69549e-06, -1.66893e-06, -2.84016e-05, 1.17272e-05, -1.00005, 7.98702e-06, 1.0001, -6.55651e-07, -3.02792e-05, 0.065721, -1.66893e-06)

[node name="Physical Bone DEF-thigh_L" parent="Human/ego/ego_rig/Skeleton3D" index="44"]
transform = Transform3D(1, -3.8743e-07, 3.85344e-05, -7.56865e-07, -0.0764413, 0.997083, 1.04441e-06, -0.997102, -0.0764576, 0.098031, 0.938338, -0.00215173)
joint_offset = Transform3D(1, 0, 0, 0, -4.37114e-08, -1, 0, 1, -4.37114e-08, -3.616e-05, -1.25062e-06, 0.134053)
body_offset = Transform3D(1, -3.8743e-07, 3.85344e-05, 8.34486e-07, -1.27405e-06, -1.00001, -9.83506e-07, 1.00003, 1.64434e-05, 3.09944e-05, 0.134055, -9.53674e-07)

[node name="Physical Bone DEF-thigh_L_001" parent="Human/ego/ego_rig/Skeleton3D" index="45"]
transform = Transform3D(1, 5.06639e-07, 3.03984e-05, 1.25914e-06, -0.0764397, 0.997103, 1.21864e-06, -0.997084, -0.0764598, 0.0980558, 0.670891, 0.018353)
joint_offset = Transform3D(1, 0, 0, 0, -4.37114e-08, -1, 0, 1, -4.37114e-08, -5.98661e-05, 8.71723e-08, 0.134097)
body_offset = Transform3D(1, 5.06639e-07, 3.03984e-05, -1.1623e-06, -1.49012e-06, -1.00003, -1.31132e-06, 1.00001, 1.71289e-05, 5.57899e-05, 0.134101, -2.38419e-06)

[node name="Physical Bone DEF-shin_L" parent="Human/ego/ego_rig/Skeleton3D" index="46"]
transform = Transform3D(1.00001, -5.66244e-07, -2.5928e-06, 1.52306e-06, 0.0986335, 0.995139, 3.45621e-07, -0.995128, 0.0986319, 0.0979957, 0.424218, 0.0174026)
joint_offset = Transform3D(1, 0, 0, 0, -4.37114e-08, -1, 0, 1, -4.37114e-08, 4.58586e-06, 6.28125e-07, 0.113534)
body_offset = Transform3D(1.00001, -5.66244e-07, -2.5928e-06, -1.54972e-06, -9.23872e-07, -1.00002, -1.93715e-07, 1.00001, 7.6741e-07, -4.29153e-06, 0.113536, -7.15256e-07)

[node name="Physical Bone DEF-shin_L_001" parent="Human/ego/ego_rig/Skeleton3D" index="47"]
transform = Transform3D(1, -4.17233e-07, -1.18911e-05, -7.49037e-07, 0.0986357, 0.995172, -2.98853e-07, -0.995157, 0.0986337, 0.0979981, 0.198215, -0.00501275)
joint_offset = Transform3D(1, 0, 0, 0, -4.37114e-08, -1, 0, 1, -4.37114e-08, 3.25738e-06, -1.48103e-05, 0.113535)
body_offset = Transform3D(1, -4.17233e-07, -1.18911e-05, 7.74861e-07, -2.08616e-07, -1.00005, 2.23518e-07, 1.00004, 2.35438e-06, -1.90735e-06, 0.11354, 1.45435e-05)

[node name="Physical Bone DEF-thigh_R" parent="Human/ego/ego_rig/Skeleton3D" index="48"]
transform = Transform3D(1, -3.8743e-07, 3.85344e-05, -7.56865e-07, -0.0764413, 0.997083, 1.04441e-06, -0.997102, -0.0764576, -0.0980067, 0.938335, -0.00215197)
joint_offset = Transform3D(1, 0, 0, 0, -4.37114e-08, -1, 0, 1, -4.37114e-08, 1.50995e-06, -1.72745e-06, 0.134056)
body_offset = Transform3D(1, -3.8743e-07, 3.85344e-05, 8.34486e-07, -1.27405e-06, -1.00001, -9.83506e-07, 1.00003, 1.64434e-05, -6.67572e-06, 0.134057, -4.76837e-07)

[node name="Physical Bone DEF-thigh_R_001" parent="Human/ego/ego_rig/Skeleton3D" index="49"]
transform = Transform3D(1, 5.06639e-07, 3.03984e-05, 1.25914e-06, -0.0764397, 0.997103, 1.21864e-06, -0.997084, -0.0764598, -0.0980029, 0.670891, 0.0183487)
joint_offset = Transform3D(1, 0, 0, 0, -4.37114e-08, -1, 0, 1, -4.37114e-08, -1.21532e-06, -4.20424e-06, 0.134097)
body_offset = Transform3D(1, 5.06639e-07, 3.03984e-05, -1.1623e-06, -1.49012e-06, -1.00003, -1.31132e-06, 1.00001, 1.71289e-05, -2.86102e-06, 0.134102, 1.90735e-06)

[node name="Physical Bone DEF-shin_R" parent="Human/ego/ego_rig/Skeleton3D" index="50"]
transform = Transform3D(1.00001, -5.66244e-07, -2.5928e-06, 1.38412e-06, 0.0986335, 0.995139, 8.4097e-07, -0.995128, 0.0986319, -0.0979948, 0.42423, 0.0174093)
joint_offset = Transform3D(1, 0, 0, 0, -4.37114e-08, -1, 0, 1, -4.37114e-08, -4.95082e-06, 6.11172e-06, 0.113522)
body_offset = Transform3D(1.00001, -5.66244e-07, -2.5928e-06, -1.46031e-06, -9.23872e-07, -1.00002, -7.00355e-07, 1.00001, 7.6741e-07, 5.24521e-06, 0.113523, -6.19888e-06)

[node name="Physical Bone DEF-shin_R_001" parent="Human/ego/ego_rig/Skeleton3D" index="51"]
transform = Transform3D(1, -4.17233e-07, -1.18911e-05, -7.49037e-07, 0.0986357, 0.995172, -2.98853e-07, -0.995157, 0.0986337, -0.0980005, 0.198213, -0.00500369)
joint_offset = Transform3D(1, 0, 0, 0, -4.37114e-08, -1, 0, 1, -4.37114e-08, 1.8269e-06, -5.51232e-06, 0.113536)
body_offset = Transform3D(1, -4.17233e-07, -1.18911e-05, 7.74861e-07, -2.08616e-07, -1.00005, 2.23518e-07, 1.00004, 2.35438e-06, -4.76837e-07, 0.113542, 5.24521e-06)

[editable path="Player"]
[editable path="Player/Arm2"]
[editable path="Player/Arm2/ArmBody"]
[editable path="Player/Arm1"]
[editable path="Human"]
[editable path="Human/ego"]
