[gd_scene load_steps=9 format=3 uid="uid://bwvt40n03xr2d"]

[ext_resource type="PackedScene" uid="uid://usfq5ar7em4i" path="res://scenes/player.tscn" id="1_gcaro"]
[ext_resource type="AudioStream" uid="uid://7npudlyoekfd" path="res://assets/music/FGJ24-intro-v1.mp3" id="2_jxqag"]
[ext_resource type="Material" uid="uid://cf2s8y4k78ys4" path="res://assets/debug-material.tres" id="3_cid8w"]
[ext_resource type="PackedScene" uid="uid://b2y3a778f3dj0" path="res://scenes/humanmodel2.tscn" id="4_o7uw3"]
[ext_resource type="Script" path="res://scenes/Tykki.gd" id="5_sojqr"]
[ext_resource type="PackedScene" uid="uid://dhmgmjc63j2aw" path="res://scenes/ammo.tscn" id="6_7ficx"]
[ext_resource type="PackedScene" uid="uid://cpwt05i2vfu03" path="res://scenes/ground.tscn" id="7_x4hf5"]

[sub_resource type="StandardMaterial3D" id="StandardMaterial3D_as2yf"]
albedo_color = Color(0.980392, 0, 0.980392, 1)

[node name="LevelTemplate" type="Node3D"]

[node name="Player" parent="." instance=ExtResource("1_gcaro")]
transform = Transform3D(2, 0, 0, 0, 2, 0, 0, 0, 2, 0, 2.39371, 0)
visible = false
rotation_strength = 10.0

[node name="DirectionalLight3D" type="DirectionalLight3D" parent="."]
transform = Transform3D(1, 0, 0, 0, 0.28425, 0.95875, 0, -0.95875, 0.28425, -2.41624, 4.83073, 6.81202)
shadow_enabled = true

[node name="AudioStreamPlayer" type="AudioStreamPlayer" parent="."]
stream = ExtResource("2_jxqag")
autoplay = true

[node name="RightHandTarget" type="Node3D" parent="."]
transform = Transform3D(1, 0, 0, 0, 1, 0, 0, 0, 1, 0, 0.190045, 0)

[node name="CSGSphere3D" type="CSGSphere3D" parent="RightHandTarget"]
radius = 0.1
material = ExtResource("3_cid8w")

[node name="LeftHandTarget" type="Node3D" parent="."]

[node name="CSGSphere3D" type="CSGSphere3D" parent="LeftHandTarget"]
radius = 0.1
material = ExtResource("3_cid8w")

[node name="LeftHold" type="CSGBox3D" parent="."]
transform = Transform3D(1, 0, 0, 0, 1, 0, 0, 0, 1, -0.566714, 1.8811, 11.4877)
visible = false
size = Vector3(0.2, 0.2, 0.1)
material = SubResource("StandardMaterial3D_as2yf")

[node name="Human" parent="." instance=ExtResource("4_o7uw3")]
transform = Transform3D(1, 0, 0, 0, 1, 0, 0, 0, 1, -1, 3.71616, 1.78707)

[node name="SkeletonIK3DLeft" type="SkeletonIK3D" parent="Human/ego/ego_rig/Skeleton3D" index="0"]
process_priority = 1
root_bone = &"DEF-spine.001"
tip_bone = &"DEF-forearm.L.001"
target_node = NodePath("../../../../../LeftHold")

[node name="SkeletonIK3DRight" type="SkeletonIK3D" parent="Human/ego/ego_rig/Skeleton3D" index="1"]
process_priority = 1
root_bone = &"DEF-spine.001"
tip_bone = &"DEF-forearm.R.001"
target_node = NodePath("../../../../../RightHandTarget")

[node name="Physical Bone DEF-spine" parent="Human/ego/ego_rig/Skeleton3D" index="28"]
transform = Transform3D(1, -1.17868e-05, -2.563e-06, -1.47925e-06, -0.249647, -0.968349, -3.50577e-07, 0.96842, -0.249644, 2.38419e-07, 1.08362, -0.0362008)
joint_offset = Transform3D(1, 0, 0, 0, 1, 0, 0, 0, 1, -4.32358e-08, 5.72829e-06, 0.0761277)
body_offset = Transform3D(1, -1.17868e-05, -2.563e-06, -1.51993e-06, 1.3411e-05, -1.00001, 2.98012e-08, 1.00008, -1.65403e-06, 2.38419e-07, 0.0761285, -5.60284e-06)

[node name="Physical Bone DEF-spine_001" parent="Human/ego/ego_rig/Skeleton3D" index="29"]
transform = Transform3D(1.00003, -0.00270149, -4.24683e-07, 2.13727e-05, -0.125909, -0.992487, 6.07141e-06, 0.998731, -0.122959, 1.93119e-05, 1.22511, -0.00872588)
joint_offset = Transform3D(1, 0, 0, 0, -3.61998e-06, -0.999997, 0, 0.999997, -3.61998e-06, -1.94756e-05, -7.15555e-05, 0.0683368)
joint_rotation = Vector3(1.5708, 0, 0)
body_offset = Transform3D(1.00003, -0.00270149, -4.24683e-07, 2.1957e-05, -0.00215635, -1.00007, 3.39749e-06, 1.00663, 3.89665e-06, 1.93119e-05, 0.0683417, 7.1764e-05)

[node name="Physical Bone DEF-spine_002" parent="Human/ego/ego_rig/Skeleton3D" index="30"]
transform = Transform3D(1.00014, -2.72691e-06, 1.86637e-06, -1.79823e-05, 0.0318232, -0.999823, -5.64742e-06, 0.999823, 0.0318213, -1.09673e-05, 1.38062, -0.004017)
joint_offset = Transform3D(1, 0, 0, 0, -3.61999e-06, -1, 0, 1, -3.61999e-06, 1.08042e-05, 0.000824461, 0.0877601)
joint_rotation = Vector3(1.5708, 0, 0)
body_offset = Transform3D(1.00014, -2.72691e-06, 1.86637e-06, -1.77935e-05, -1.49012e-08, -1.00033, -6.21663e-06, 1.00033, -1.85147e-06, -1.09673e-05, 0.0877891, -0.000824571)

[node name="Physical Bone DEF-spine_003" parent="Human/ego/ego_rig/Skeleton3D" index="31"]
transform = Transform3D(1.00004, 3.51667e-06, -0.000295168, -2.50918e-06, 0.028563, -0.999488, -7.92859e-07, 0.999622, 0.0285646, -2.38419e-07, 1.56192, -0.00928485)
joint_offset = Transform3D(1, 0, 0, 0, -3.61999e-06, -1, 0, 1, -3.61999e-06, 2.86573e-05, 0.0006345, 0.096292)
joint_rotation = Vector3(1.5708, 0, 0)
body_offset = Transform3D(1.00004, 3.51667e-06, -0.000295168, -2.48551e-06, 2.28547e-06, -0.999897, -8.64198e-07, 1.00003, 7.76537e-06, -2.38419e-07, 0.096282, -0.000635266)

[node name="Physical Bone DEF-spine_004" parent="Human/ego/ego_rig/Skeleton3D" index="32"]
transform = Transform3D(1.00001, 6.34789e-06, 0.000106206, -7.70366e-07, -0.368796, -0.929229, -6.90388e-07, 0.929542, -0.368695, 4.29153e-06, 1.68894, 0.000800967)
joint_offset = Transform3D(1, 0, 0, 0, -3.61999e-06, -0.999999, 0, 0.999999, -3.61999e-06, -7.80508e-06, -3.5283e-06, 0.0330833)
joint_rotation = Vector3(1.5708, 0, 0)
body_offset = Transform3D(1.00001, 6.34789e-06, 0.000106206, -9.70671e-07, -1.37091e-06, -0.999702, -3.57628e-07, 1.00003, -2.3067e-05, 4.29153e-06, 0.0330734, 4.29153e-06)

[node name="Physical Bone DEF-spine_005" parent="Human/ego/ego_rig/Skeleton3D" index="33"]
transform = Transform3D(1.00003, 1.10865e-05, 2.69711e-06, 1.04496e-06, -0.186675, -0.982476, -4.50347e-06, 0.982615, -0.186604, -4.3273e-05, 1.75048, 0.0189118)
joint_offset = Transform3D(1, 0, 0, 0, -3.61999e-06, -1, 0, 1, -3.61999e-06, 4.31879e-05, -6.5407e-05, 0.0313374)
joint_rotation = Vector3(1.5708, 0, 0)
body_offset = Transform3D(1.00003, 1.10865e-05, 2.69711e-06, 1.86265e-07, -4.09186e-05, -1.00004, -4.61936e-06, 1.00019, 2.96533e-06, -4.3273e-05, 0.0313387, 6.53267e-05)

[node name="Physical Bone DEF-shoulder_L" parent="Human/ego/ego_rig/Skeleton3D" index="34"]
transform = Transform3D(0.474161, -0.0862772, -0.881093, 0.3567, 0.928528, 0.101982, 0.805181, -0.360968, 0.476554, 0.106896, 1.6049, 0.0202817)
joint_offset = Transform3D(1, 0, 0, 0, -3.61998e-06, -0.999996, 0, 0.999996, -3.61998e-06, -0.00342461, -0.00940923, 0.0996303)
joint_rotation = Vector3(1.5708, 0, 0)
body_offset = Transform3D(0.934396, -0.354934, -0.0360679, 0.000167787, 0.108154, -1.00112, 0.356769, 0.928564, 0.101408, 0.00345373, 0.10076, -0.000144482)

[node name="Physical Bone DEF-upper_arm_L" parent="Human/ego/ego_rig/Skeleton3D" index="35"]
transform = Transform3D(-0.509568, 0.0782533, -0.856551, -0.830485, -0.292369, 0.469711, -0.214038, 0.953371, 0.214224, 0.257008, 1.55061, -0.0422454)
joint_offset = Transform3D(1, 0, 0, 0, -3.61999e-06, -1, 0, 1, -3.61999e-06, -0.000148379, 6.32042e-05, 0.0721362)
joint_rotation = Vector3(1.5708, 0, 0)
body_offset = Transform3D(0.997585, -0.000123546, -1.03228e-05, -0.00054086, 0.000117853, -1.0001, -0.0010011, 1.00026, -4.26173e-06, 0.000148773, 0.0721433, -6.30617e-05)

[node name="Physical Bone DEF-upper_arm_L_001" parent="Human/ego/ego_rig/Skeleton3D" index="36"]
transform = Transform3D(-0.510113, 0.0781092, -0.856184, -0.833192, -0.292386, 0.469486, -0.213624, 0.953199, 0.214136, 0.38061, 1.483, -0.0729291)
joint_offset = Transform3D(1, 0, 0, 0, -3.61999e-06, -1, 0, 1, -3.61999e-06, 3.79674e-05, -0.000107249, 0.072101)
joint_rotation = Vector3(1.5708, 0, 0)
body_offset = Transform3D(1.00003, 5.96046e-07, 9.08971e-06, 0.00017504, 3.92348e-05, -0.999661, 0.000141621, 1.00009, 6.12438e-06, -3.86238e-05, 0.0720766, 0.000106812)

[node name="Physical Bone DEF-forearm_L" parent="Human/ego/ego_rig/Skeleton3D" index="37"]
transform = Transform3D(-0.51037, -0.240859, -0.825822, -0.833133, -0.100191, 0.544154, -0.213756, 0.965521, -0.14953, 0.497193, 1.41242, -0.0792806)
joint_offset = Transform3D(1, 0, 0, 0, -3.61999e-06, -1, 0, 1, -3.61999e-06, -0.000627021, 0.000619947, 0.0665565)
joint_rotation = Vector3(1.5708, 0, 0)
body_offset = Transform3D(1.00014, 1.70767e-05, 3.66792e-05, -4.88907e-05, 2.25306e-05, -1.00022, -3.66569e-06, 1.00014, 3.53754e-05, 0.000624657, 0.0665712, -0.000622392)

[node name="Physical Bone DEF-forearm_L_001" parent="Human/ego/ego_rig/Skeleton3D" index="38"]
transform = Transform3D(-0.510164, -0.241081, -0.824805, -0.833028, -0.0995753, 0.543508, -0.213699, 0.964285, -0.149385, 0.605224, 1.34184, -0.0590996)
joint_offset = Transform3D(1, 0, 0, 0, -3.61999e-06, -1, 0, 1, -3.61999e-06, 8.84813e-06, 8.86356e-05, 0.065831)
joint_rotation = Vector3(1.5708, 0, 0)
body_offset = Transform3D(0.999935, -0.000118896, 2.51159e-05, 7.24457e-05, -0.000680193, -0.999009, -8.09133e-06, 0.99894, -4.96209e-06, -1.04904e-05, 0.0657659, -8.82149e-05)

[node name="CollisionShape3D" parent="Human/ego/ego_rig/Skeleton3D/Physical Bone DEF-forearm_L_001" index="0"]
transform = Transform3D(1, 7.45058e-09, 0, -1.49012e-08, 0, 1, 5.21541e-08, -1, 0, 0, 0, 0)

[node name="Physical Bone DEF-shoulder_R" parent="Human/ego/ego_rig/Skeleton3D" index="39"]
transform = Transform3D(0.473947, 0.0863719, 0.878778, -0.357069, 0.928605, 0.101712, -0.805084, -0.360932, 0.473895, -0.107002, 1.61104, 0.0205026)
joint_offset = Transform3D(1, 0, 0, 0, -3.61999e-06, -1, 0, 1, -3.61999e-06, 0.00572991, -0.0150699, 0.0993284)
joint_rotation = Vector3(1.5708, 0, 0)
body_offset = Transform3D(0.934204, 0.354951, 0.0371856, -3.26931e-05, 0.108054, -0.997777, -0.357138, 0.928641, 0.101141, -0.0036974, 0.100736, 0.0059948)

[node name="Physical Bone DEF-upper_arm_R" parent="Human/ego/ego_rig/Skeleton3D" index="40"]
transform = Transform3D(-0.508465, -0.0781751, 0.856502, 0.83099, -0.29233, 0.469677, 0.211741, 0.953158, 0.214214, -0.257057, 1.55079, -0.0421107)
joint_offset = Transform3D(1, 0, 0, 0, -3.61999e-06, -1, 0, 1, -3.61999e-06, -5.53159e-05, -1.66395e-05, 0.0720693)
joint_rotation = Vector3(1.5708, 0, 0)
body_offset = Transform3D(0.996952, 7.06464e-05, 4.33251e-06, -0.000149153, 7.81119e-05, -1.00004, -0.00142139, 1.00004, -1.19209e-07, 5.48363e-05, 0.0720721, 1.65701e-05)

[node name="Physical Bone DEF-upper_arm_R_001" parent="Human/ego/ego_rig/Skeleton3D" index="41"]
transform = Transform3D(-0.510259, -0.0780928, 0.856542, 0.833085, -0.292369, 0.469681, 0.213741, 0.953154, 0.214235, -0.380645, 1.48299, -0.0730472)
joint_offset = Transform3D(1, 0, 0, 0, -3.61999e-06, -1, 0, 1, -3.61999e-06, -2.22991e-05, -1.25392e-06, 0.0721313)
joint_rotation = Vector3(1.5708, 0, 0)
body_offset = Transform3D(1.00004, -4.75347e-06, -8.15466e-06, -2.48589e-05, 2.70456e-05, -1.00008, 1.19209e-05, 1.00004, 1.57356e-05, 2.28882e-05, 0.0721371, 1.19209e-07)

[node name="Physical Bone DEF-forearm_R" parent="Human/ego/ego_rig/Skeleton3D" index="42"]
transform = Transform3D(-0.510275, 0.240856, 0.825725, 0.833111, -0.10015, 0.544145, 0.213743, 0.965495, -0.149552, -0.496585, 1.41327, -0.0786686)
joint_offset = Transform3D(1, 0, 0, 0, -3.61999e-06, -1, 0, 1, -3.61999e-06, 0.000100078, -2.97117e-05, 0.0656914)
joint_rotation = Vector3(1.5708, 0, 0)
body_offset = Transform3D(1.00007, 1.27405e-05, 7.82311e-07, -1.96956e-05, -1.13249e-06, -1.00014, 1.58101e-05, 1.00011, -8.61287e-06, -0.000100136, 0.0657007, 3.02792e-05)

[node name="Physical Bone DEF-forearm_R_001" parent="Human/ego/ego_rig/Skeleton3D" index="43"]
transform = Transform3D(-0.510236, 0.240848, 0.825653, 0.833078, -0.100164, 0.544093, 0.213724, 0.965484, -0.149532, -0.60515, 1.34183, -0.0590323)
joint_offset = Transform3D(1, 0, 0, 0, -3.61999e-06, -1, 0, 1, -3.61999e-06, 1.53682e-05, 5.23194e-06, 0.065713)
joint_rotation = Vector3(1.5708, 0, 0)
body_offset = Transform3D(1.00002, 3.12924e-06, -1.66893e-06, -3.64855e-05, 1.18166e-05, -1.00005, 9.52184e-06, 1.0001, -7.15256e-07, -1.52588e-05, 0.0657163, -5.1856e-06)

[node name="Physical Bone DEF-thigh_L" parent="Human/ego/ego_rig/Skeleton3D" index="44"]
transform = Transform3D(1, -3.8743e-07, 3.85344e-05, -7.56865e-07, -0.0764413, 0.997083, 1.04441e-06, -0.997102, -0.0764576, 0.098031, 0.938344, -0.00213206)
joint_offset = Transform3D(1, 0, 0, 0, -3.61999e-06, -1, 0, 1, -3.61999e-06, -3.61599e-05, 1.90114e-05, 0.134049)
joint_rotation = Vector3(1.5708, 0, 0)
body_offset = Transform3D(1, -3.8743e-07, 3.85344e-05, 8.34486e-07, -1.27405e-06, -1.00001, -9.83506e-07, 1.00003, 1.64658e-05, 3.09944e-05, 0.13405, -2.12193e-05)

[node name="Physical Bone DEF-thigh_L_001" parent="Human/ego/ego_rig/Skeleton3D" index="45"]
transform = Transform3D(1, 5.06639e-07, 3.03984e-05, 1.25914e-06, -0.0764395, 0.997103, 1.21863e-06, -0.997082, -0.0764597, 0.0980558, 0.670978, 0.0183413)
joint_offset = Transform3D(1, 0, 0, 0, -3.61999e-06, -1, 0, 1, -3.61999e-06, -5.98636e-05, -5.13352e-06, 0.13401)
joint_rotation = Vector3(1.5708, 0, 0)
body_offset = Transform3D(1, 5.06639e-07, 3.03984e-05, -1.1623e-06, -1.49012e-06, -1.00003, -1.31132e-06, 1.00001, 1.69575e-05, 5.57899e-05, 0.134014, 2.86102e-06)

[node name="Physical Bone DEF-shin_L" parent="Human/ego/ego_rig/Skeleton3D" index="46"]
transform = Transform3D(1.00001, -5.66244e-07, -2.5928e-06, 1.52306e-06, 0.0986338, 0.995144, 3.45621e-07, -0.995131, 0.0986327, 0.0979957, 0.424235, 0.0174023)
joint_offset = Transform3D(1, 0, 0, 0, -3.61999e-06, -1, 0, 1, -3.61999e-06, 4.58581e-06, -1.72473e-06, 0.113516)
joint_rotation = Vector3(1.5708, 0, 0)
body_offset = Transform3D(1.00001, -5.66244e-07, -2.5928e-06, -1.54972e-06, -9.23872e-07, -1.00002, -1.93715e-07, 1.00001, 4.91738e-07, -4.29153e-06, 0.113518, 1.66893e-06)

[node name="Physical Bone DEF-shin_L_001" parent="Human/ego/ego_rig/Skeleton3D" index="47"]
transform = Transform3D(1, -4.17233e-07, -1.18911e-05, -7.49037e-07, 0.0986362, 0.995174, -2.98853e-07, -0.995163, 0.0986345, 0.0979981, 0.198217, -0.00504541)
joint_offset = Transform3D(1, 0, 0, 0, -3.61999e-06, -1, 0, 1, -3.61999e-06, 3.2574e-06, -4.75111e-05, 0.113536)
joint_rotation = Vector3(1.5708, 0, 0)
body_offset = Transform3D(1, -4.17233e-07, -1.18911e-05, 7.74861e-07, -1.11759e-07, -1.00005, 2.23518e-07, 1.00004, 1.64658e-06, -1.90735e-06, 0.113542, 4.73261e-05)

[node name="Physical Bone DEF-thigh_R" parent="Human/ego/ego_rig/Skeleton3D" index="48"]
transform = Transform3D(1, -3.8743e-07, 3.85344e-05, -7.56865e-07, -0.0764413, 0.997083, 1.04441e-06, -0.997102, -0.0764576, -0.0980067, 0.938314, -0.00214744)
joint_offset = Transform3D(1, 0, 0, 0, -3.61999e-06, -1, 0, 1, -3.61999e-06, 1.50912e-06, 1.36855e-06, 0.134078)
joint_rotation = Vector3(1.5708, 0, 0)
body_offset = Transform3D(1, -3.8743e-07, 3.85344e-05, 8.34486e-07, -1.27405e-06, -1.00001, -9.83506e-07, 1.00003, 1.64658e-05, -6.67572e-06, 0.134079, -3.57628e-06)

[node name="Physical Bone DEF-thigh_R_001" parent="Human/ego/ego_rig/Skeleton3D" index="49"]
transform = Transform3D(1, 5.06639e-07, 3.03984e-05, 1.25914e-06, -0.0764395, 0.997103, 1.21863e-06, -0.997082, -0.0764597, -0.0980029, 0.671016, 0.0183432)
joint_offset = Transform3D(1, 0, 0, 0, -3.61999e-06, -1, 0, 1, -3.61999e-06, -1.21152e-06, -3.64488e-07, 0.133972)
joint_rotation = Vector3(1.5708, 0, 0)
body_offset = Transform3D(1, 5.06639e-07, 3.03984e-05, -1.1623e-06, -1.49012e-06, -1.00003, -1.31132e-06, 1.00001, 1.69575e-05, -2.86102e-06, 0.133976, -1.90735e-06)

[node name="Physical Bone DEF-shin_R" parent="Human/ego/ego_rig/Skeleton3D" index="50"]
transform = Transform3D(1.00001, -5.66244e-07, -2.5928e-06, 1.38411e-06, 0.0986338, 0.995144, 8.40972e-07, -0.995131, 0.0986327, -0.0979948, 0.424235, 0.0174075)
joint_offset = Transform3D(1, 0, 0, 0, -3.61999e-06, -1, 0, 1, -3.61999e-06, -4.95083e-06, 3.52042e-06, 0.113515)
joint_rotation = Vector3(1.5708, 0, 0)
body_offset = Transform3D(1.00001, -5.66244e-07, -2.5928e-06, -1.46031e-06, -9.23872e-07, -1.00002, -7.00357e-07, 1.00001, 4.91738e-07, 5.24521e-06, 0.113518, -3.57628e-06)

[node name="Physical Bone DEF-shin_R_001" parent="Human/ego/ego_rig/Skeleton3D" index="51"]
transform = Transform3D(1, -4.17233e-07, -1.18911e-05, -7.49037e-07, 0.0986362, 0.995174, -2.98853e-07, -0.995163, 0.0986345, -0.0980005, 0.198195, -0.0050211)
joint_offset = Transform3D(1, 0, 0, 0, -3.61999e-06, -1, 0, 1, -3.61999e-06, 1.82712e-06, -2.12861e-05, 0.113555)
joint_rotation = Vector3(1.5708, 0, 0)
body_offset = Transform3D(1, -4.17233e-07, -1.18911e-05, 7.74861e-07, -1.11759e-07, -1.00005, 2.23518e-07, 1.00004, 1.64658e-06, -4.76837e-07, 0.11356, 2.11e-05)

[node name="Tankki" type="Node3D" parent="."]
transform = Transform3D(1, 0, 0, 0, 1, 0, 0, 0, 1, -0.933751, -0.148251, 7.00442)
script = ExtResource("5_sojqr")
ammo_prefab = ExtResource("6_7ficx")
force = 50.0
rotate_ground_speed = 1.0
rotate_up_speed = 1.0

[node name="Tykki" type="Node3D" parent="Tankki"]
transform = Transform3D(1, 0, 0, 0, 0.984807, -0.173648, 0, 0.173648, 0.984808, 0, 0.59231, 0)

[node name="Camera3D" type="Camera3D" parent="Tankki/Tykki"]
transform = Transform3D(1, 0, 0, 0, 0.984809, 0.173648, 0, -0.173648, 0.984808, 0, 1.3321, 1.79597)

[node name="CSGCylinder3D" type="CSGCylinder3D" parent="Tankki/Tykki"]
transform = Transform3D(-9.31323e-09, 2.98023e-08, 0.405268, 0.405268, -7.45058e-08, -5.58794e-09, 7.45058e-09, 1, -1.49012e-08, 0, 0, 0)

[node name="AmmoSpawn" type="Node3D" parent="Tankki/Tykki"]
transform = Transform3D(1, -1.95578e-08, 7.45058e-09, -4.19095e-08, 1, 2.98023e-08, 7.45058e-09, 2.98023e-08, 1, -0.145982, -0.277564, -2.10489)

[node name="TykkiPivot" type="Node3D" parent="Tankki"]
transform = Transform3D(1, 0, -5.96046e-08, 0, 0.999999, 0, 5.96046e-08, 0, 1, -4.76837e-07, -0.0705475, 0.400001)

[node name="Ground" parent="." instance=ExtResource("7_x4hf5")]
transform = Transform3D(1, 0, 0, 0, 1, 0, 0, 0, 1, 0, -1, 0)

[node name="Ammos" type="Node3D" parent="."]

[editable path="Player"]
[editable path="Player/BodyBody/LeftArm"]
[editable path="Player/BodyBody/LeftArm/ArmBody"]
[editable path="Player/BodyBody/RightArm"]
[editable path="Human"]
[editable path="Human/ego"]
